10113282614799567249
10154203835409169389
10415768232462484879
1061335839335536120
10916069022294012840
11295522903215276316
11797633361192289220
11843187287824987414
11929523334673022133
11997626127545867423
12107537074620002027
12369879144641077992
12678220755683120685
1379164457984074514
13882885414622157525
14065947828622365819
14267405193199597966
14274245625610790172
14768818700950083958
14929004690135335177
15177030685174822553
15583608138642061206
16392617381180084180
16451694982429215534
17026987301726176592
17145971654298267794
17221994896048797372
17277934092274093337
17869103128191130311
17970624577518746636
18004391873414729465
18403725027774688438
2343054830914355262
256198919086927427
2850594468700593089
3176399143258036580
3460987127454898743
4014833456671053006
4379983551161442166
4888166104500743672
4987511920106172051
50730134544570589
5161212630604141897
5487466514779843234
5733618198342093879
6188401785713441824
6255205192149866958
6395171304176082067
6647886633190745670
7259290671581276823
8069939035014478877
8114200290813140071
8163915483354539436
8359818477131129025
846338398956869217
8601892304489994370
8623251656954777229
8773529043399963608
9067662399611330807
