-0.0914625	-0.180472	-0.0915852	0.00171122	0	-0.00130094
-0.087981	-0.125937	-0.040331	0.00175781	-4.23516e-22	-0.00153772
-0.0991408	-0.137721	-0.0373606	0.00198546	0	-0.00166111
-0.0441307	-0.0702154	-0.0130956	0.0016422	-0.000362795	-0.000822971
-0.0404836	-0.0778417	0.0134033	0.00154691	-0.000373085	-0.000457842
-0.0405166	-0.0646024	0.000249692	0.0016422	-0.000459113	-0.000220884
-0.0359476	-0.0603706	0.0103974	0.00154753	-0.000459113	-0.000220884
-0.0405094	-0.0978354	-0.0255204	0.00167393	-0.000359683	-0.000220884
-0.0274989	-0.0529122	-0.0442513	0.00155311	-0.000372367	-0.000138277
-0.0251479	-0.0780186	-0.0422388	0.00168087	-0.000338158	-0.000142266
-0.0445753	-0.0529139	-0.0273426	0.00155311	-0.000459113	-0.000220884
-0.0354461	-0.052902	0.018482	0.00155311	-0.000459113	-3.45099e-07
-0.0244155	-0.0833256	-0.0129329	0.0018433	-0.000879575	0.00047258
-0.00482766	-0.0536808	0.0344156	0.00105296	-0.000591596	0.00043803
-0.00898933	-0.0537456	-0.0140876	0.00121785	-0.000176301	0.00010726
-0.00477797	-0.017059	-0.00416315	0.00122141	-0.000176301	0.000184243
-0.00477911	-0.0453305	0.0131258	0.000281808	-0.000176301	0.000173157
0.00484886	0.00600634	0.0156249	0.000217246	-0.000124363	0.000590192
0.0114863	-0.0121479	0.0183265	0.000217246	-0.000176301	0.000419964
0.0114787	-0.0308936	0.0350667	-0.000945646	0.000298157	0.000307573
0.00845278	-0.000369376	-0.00183205	-0.000366361	3.4482e-05	-0.0001191
-0.00619615	-0.0423863	-0.0139376	0.00067604	3.4482e-05	-2.12798e-05
-0.00512961	-0.0186101	-0.0423855	0.000861619	0.000109658	-0.0001191
-0.0169728	-0.032882	-0.0276732	0.000778048	3.4482e-05	-0.0001191
-0.0222339	-0.0616457	-0.0359967	0.00114403	3.4482e-05	-6.54871e-05
-0.0222226	-0.0434861	-0.029442	0.00110411	-0.000242461	-0.0001191
-0.0222462	-0.06386	-0.000702098	0.00127861	3.4482e-05	4.21001e-05
-0.0102261	-0.0571317	-0.00693668	0.000731398	-0.000757624	0.000428195
-0.00877142	-0.0528758	-0.00677866	0.00162244	-0.00048253	0.000302817
-0.0030155	-0.0448298	-0.0259959	0.00142845	-0.0005754	0.000157108
-0.0105915	-0.0448183	-0.0260097	0.00123401	-0.000288463	7.51492e-05
-0.01501	-0.0613653	-0.0434616	0.00175908	-0.000404091	3.69481e-05
-0.022259	-0.0448809	-0.0361915	0.00192691	-0.000324437	-0.0001191
-0.0374141	-0.13323	-0.0858128	0.0030493	0.000248427	-0.000379429
-0.0530258	-0.0129851	-0.0295488	0.00161077	-0.000103949	-0.000498484
-0.0530379	-0.048847	-0.0516745	0.00191966	-0.000105103	-0.000249286
-0.0415975	-0.0435886	-0.0730074	0.00217506	-6.95369e-05	-0.000269151
-0.0462509	-0.0896334	-0.077384	0.00261602	0.000114522	-0.000301557
-0.0530891	-0.0543975	-0.076674	0.002221	-0.000316383	-0.000190106
-0.0530686	-0.115062	-0.0996645	0.0024272	-0.00014765	-0.000402542
-0.0587463	-0.115058	-0.0861153	0.00252252	-2.5217e-06	-0.000341121
-0.0738721	-0.0996762	-0.0699493	0.00217554	-0.000553766	-0.000684397
-0.105537	-0.0432492	-0.00706338	0.00113001	-0.000652303	-0.00129299
-0.112978	-0.0603054	-0.0126695	0.00145987	-0.000301032	-0.00129299
-0.105537	-0.0432478	-0.00433401	0.00127624	-0.00035416	-0.00129299
-0.105506	-0.0617145	0.00579994	0.00148525	-0.000485245	-0.00155244
-0.105514	-0.0367295	-0.00833934	0.00148843	-0.000485245	-0.00149723
-0.0820682	-0.0453793	-0.00433064	0.00166464	-5.46294e-05	-0.00129299
-0.074617	-0.0596902	-0.0109863	0.00188753	-0.000203866	-0.000964793
-0.0631435	-0.0219351	-0.0162124	0.00163458	-0.000287713	-0.000555162
-0.0631516	-0.0431773	-0.025557	0.0017445	-0.000260761	-0.000465082
-0.063189	-0.00867538	-0.0222515	0.00165926	-0.000496909	-0.00037822
-0.043943	-0.0461879	-0.00431065	0.00203681	-0.000249348	-0.000279905
-0.0659603	-0.0271465	-0.0268244	0.00174969	-0.000496909	-0.000505128
-0.0631791	-0.0587969	-0.0503775	0.00199769	-0.000419763	-0.000505128
-0.0631854	-0.0271947	-0.0716293	0.00207871	-0.000496909	-0.000505128
-0.0529997	-0.00670256	-0.0158647	0.00199769	-0.000496909	-0.000371175
-0.0517374	-0.041525	-0.00191638	0.00217598	-0.000296962	-9.46609e-05
-0.0631888	-0.0104854	-0.0112641	0.00199769	-0.000496909	-0.000365105
-0.0631955	-0.0187585	-0.0115804	0.00221626	-0.000496909	-0.000264577
-0.075508	-0.0439726	-0.0493276	0.00250141	-0.000496909	-0.000350256
-0.0812272	-0.027092	-0.0241903	0.00199769	-0.000496909	-0.000191825
-0.0684275	-0.0577228	-0.0316788	0.0028055	-0.000496909	-0.00021031
-0.0877639	-0.0319266	-0.0331973	0.00256999	-0.000810945	-6.18864e-06
-0.0877514	-0.050091	-0.0347473	0.00286848	-0.00074193	-0.000106784
-0.0657356	-0.0571088	-0.0509798	0.0023587	-0.000923676	0.000124428
-0.0554099	-0.0200235	-0.015904	0.00271474	-0.000609841	0.00122354
-0.0976178	-0.0386501	-0.0354308	0.00265067	-0.000637381	0.000148151
-0.0976084	-0.0256023	-0.0382896	0.00267958	-0.000568305	-1.02489e-06
-0.0976023	-0.0507557	-0.0457051	0.00304845	-0.000402862	-4.2602e-05
-0.0975885	-0.0451533	-0.0457318	0.00298571	-0.000192055	-0.000390838
-0.0976122	-0.0605225	-0.0295303	0.00304845	-0.000693777	-0.000445086
-0.0831588	-0.0855452	-0.046358	0.00315743	-0.000693777	-0.000445087
-0.079967	-0.0526145	-0.0150077	0.00253054	-0.000862726	-6.10247e-05
-0.0885889	-0.0766586	0.0312658	0.00200731	-0.000283617	-0.000445087
-0.0870098	-0.035824	0.0285515	0.0020005	-0.000309328	-0.000255047
-0.0829124	-0.0530605	-0.0327058	0.00323293	-0.000331736	0.000189676
-0.0874575	-0.0243736	-0.0358647	0.00274939	-0.000621687	2.30042e-05
-0.0882928	-0.0868156	-0.0641698	0.00334432	-0.000747178	-4.07218e-05
-0.0775773	-0.0348942	-0.0700666	0.00290441	-0.000668896	-6.46143e-05
-0.0592045	-0.0775461	-0.107268	0.00357359	-0.000668896	-0.000117911
-0.0672964	-0.0493456	-0.119504	0.00339531	-0.000563454	-0.00026029
-0.0624515	-0.0623329	-0.0782336	0.00358266	-0.000514249	-0.000445087
-0.0592047	-0.0904987	-0.0840657	0.00365061	-0.000668896	-0.000445087
-0.0764569	-0.0565155	-0.0631785	0.00325262	-0.000668896	-0.000603069
-0.0778359	-0.0884952	-0.0788655	0.00363599	-0.000668896	-0.000931039
-0.0765643	-0.0639342	-0.0842039	0.00349092	-0.000340563	-0.000931039
-0.0765287	-0.0800566	-0.0831531	0.00369853	-0.000245543	-0.00123654
-0.0765166	-0.0966152	-0.109267	0.00404271	-0.000245543	-0.00137366
-0.0942398	-0.0533454	-0.0631578	0.00343786	-0.000633963	-0.00152487
-0.0942061	-0.113898	-0.0841051	0.00412837	-0.000760121	-0.00186968
-0.0942113	-0.0851406	-0.120087	0.00356393	-0.00070516	-0.00180316
-0.113925	-0.166872	-0.179738	0.00486097	-0.000331765	-0.00272093
-0.130348	-0.0871109	-0.118395	0.00383638	-0.000331765	-0.00275558
-0.117057	-0.12291	-0.142291	0.00436076	7.30733e-05	-0.00291673
-0.116258	-0.103497	-0.135182	0.00383638	7.30733e-05	-0.00291673
-0.12044	-0.100692	-0.115087	0.00423121	7.30733e-05	-0.00291673
-0.124942	-0.120091	-0.131443	0.00437231	-0.000333635	-0.00297646
-0.134908	-0.0872173	-0.115059	0.00374238	-0.000333635	-0.00291673
-0.113927	-0.119986	-0.129895	0.00365177	-0.000333635	-0.00291673
-0.147715	-0.0841443	-0.11604	0.00316797	-0.000333635	-0.003196
-0.182472	-0.0949047	-0.101984	0.00324835	-0.000333635	-0.00364346
-0.167813	-0.0841916	-0.137432	0.00324835	-0.000333635	-0.00338082
-0.161843	-0.0761283	-0.123056	0.00324835	0.000274933	-0.00354415
-0.167788	-0.0900992	-0.123341	0.00324835	-0.000333635	-0.00385473
-0.178931	-0.0650479	-0.0985003	0.00287295	-0.000175538	-0.00378473
-0.167725	-0.112195	-0.12769	0.00349272	0.0001385	-0.00385473
-0.170874	-0.0877323	-0.12879	0.00299542	-4.36461e-06	-0.00385473
-0.167715	-0.0877765	-0.148789	0.00323245	8.59308e-05	-0.00375739
-0.160025	-0.0672839	-0.136439	0.00288568	-0.000212135	-0.00367631
-0.145968	-0.0803639	-0.112918	0.00307515	-0.000212135	-0.00357675
-0.15083	-0.0869482	-0.105213	0.00302686	-0.000212135	-0.00338882
-0.146525	-0.0614463	-0.0985052	0.00275629	-0.000212135	-0.00336861
-0.157891	-0.104118	-0.0984441	0.00325328	-0.000212135	-0.00345162
-0.152379	-0.0438203	-0.0845024	0.00267364	-0.000419368	-0.00338253
-0.190259	-0.0926334	-0.11896	0.00275629	-0.00103949	-0.00385473
-0.159367	-0.408057	-0.444993	0.00139732	-0.000167448	-0.00460425
-0.143318	-0.261975	-0.326705	0.00121355	-0.000475609	-0.00356457
-0.148486	-0.26998	-0.322153	0.00174944	-0.00040957	-0.00349004
-0.159381	-0.230659	-0.276947	0.0022422	6.25102e-05	-0.00369422
-0.163636	-0.233463	-0.267866	0.00275706	0.000284282	-0.00380917
-0.162551	-0.208774	-0.239526	0.0024972	0.000252018	-0.00379744
-0.148394	-0.21621	-0.226287	0.00219393	6.36009e-05	-0.00353297
-0.15622	-0.231546	-0.236217	0.00265747	-7.24002e-05	-0.00363176
-0.148432	-0.182158	-0.20829	0.00216006	-0.000217868	-0.00363176
-0.144419	-0.221564	-0.208184	0.00259821	-0.000217868	-0.00342564
-0.148558	-0.182231	-0.231845	0.00264049	-0.000283809	-0.00308036
-0.129831	-0.165484	-0.211461	0.00288152	-0.000340858	-0.00241708
-0.13908	-0.145235	-0.204674	0.00236677	-0.000621088	-0.00228347
-0.132243	-0.151115	-0.199456	0.00275163	-0.000621088	-0.00179923
-0.131458	-0.14601	-0.205741	0.00295648	-0.00068261	-0.00170734
-0.123963	-0.118966	-0.187258	0.00285157	-0.000621088	-0.00150375
-0.0995722	-0.109089	-0.191102	0.00307722	-0.000369765	-0.00103027
-0.0857431	-0.0970067	-0.161568	0.00264995	-0.00057814	-0.000535762
-0.107934	-0.0941096	-0.165475	0.00285413	-0.000405741	-0.000105827
-0.107503	-0.0110373	-0.0779865	0.00238536	-9.0322e-05	-0.000395707
-0.106834	-0.0743737	-0.183623	0.00317375	0.000177214	-0.00140261
-0.106669	-0.113819	-0.183673	0.00388568	0.000506555	-0.00163427
-0.107404	-0.102969	-0.183572	0.00384408	-9.0322e-05	-0.00178951
-0.110946	-0.102382	-0.162844	0.0035035	0.000165119	-0.00172761
-0.13046	-0.123617	-0.167145	0.00359145	0.000322498	-0.00178951
-0.143785	-0.0877094	-0.145985	0.00347695	0.00032941	-0.00212365
-0.140053	-0.128396	-0.159232	0.00375561	0.000634339	-0.00219227
-0.140082	-0.0984452	-0.153894	0.00348387	0.00050375	-0.00219227
-0.124565	-0.105491	-0.143099	0.00359382	0.000666925	-0.00219227
-0.134178	-0.112884	-0.166761	0.0034129	0.000566855	-0.00255154
-0.130266	-0.0846086	-0.143062	0.00308015	0.000131528	-0.00231875
-0.120473	-0.125082	-0.174511	0.00327793	4.68287e-05	-0.00229456
-0.111765	-0.0955729	-0.164833	0.0031233	-9.0322e-05	-0.00240202
-0.113993	-0.108273	-0.153766	0.00317887	-9.0322e-05	-0.00226336
-0.116278	-0.117239	-0.184889	0.00333547	-9.03221e-05	-0.00222408
-0.115585	-0.0829842	-0.150513	0.00339209	4.74075e-05	-0.00204964
