-0.0387631	-0.135662	-0.05372	-0.00232764	4.73838e-05	0
-0.0172621	-0.00313082	0.0379169	-0.00220325	-3.68184e-06	-0.00045245
-0.00889309	-0.0692467	0.0504311	-0.0020546	-7.45116e-05	2.48932e-05
-0.00886008	-0.0177945	0.0604771	-0.0021412	-0.000441279	0.00010667
-0.0255856	-0.140308	0.012402	-0.00205885	0.000129137	-0.000159531
-0.0262694	-0.0450445	0.00358599	-0.00247717	0.000312246	-4.36755e-05
-0.0182686	-0.0288348	0.020598	-0.0023602	-0.000117182	-0.000159531
-0.0179576	-0.121677	-0.0234947	-0.0015451	0.000672134	-0.000159531
-0.00888041	0.0423235	0.0223126	-0.00187789	-1.29703e-05	-0.000364406
-0.00886948	-0.104819	-0.0187805	-0.000831229	4.73393e-05	-0.000159531
-0.00889774	-0.0882629	-0.0423597	-0.000958674	0.000369454	0.000301403
0.0122042	-0.0118921	0.0118259	-0.00101241	0.000378858	0.000133066
0.00519234	-0.0734161	-0.0247932	-0.000804459	0.000335752	0.000289615
0.00630681	-0.0917456	-0.0247501	-0.000173625	0.00038749	0.000231224
0.0217349	-0.0143135	0.0119984	0.000729783	0.00028373	0.000231224
0.00940441	-0.00985129	-0.0211478	0.000206929	0.000608137	0.000297523
0.0220084	0.00472099	0.0246836	0.00076021	-4.28975e-05	0.000231224
0.0255619	0.0289435	0.0302903	-0.000580983	1.79578e-05	0.000231224
0.0143642	0.01439	0.0365234	-0.00115387	0.000584501	-0.000373531
8.14358e-05	-0.084636	0.000483583	-0.000358975	-0.000188402	-0.000373531
0.000588396	0.00334468	-0.0038682	-0.000548322	0.000234835	-0.000373531
-0.0113066	-0.115668	-0.0478512	0.000663768	-0.000188402	9.11125e-06
-0.00402471	0.0498464	0.0317368	0.00015524	-0.000188402	1.47847e-07
0.00214195	-0.0442249	0.0314361	0.000422819	-6.97208e-05	0.000176946
-0.00888684	-0.0803875	-0.0311791	0.000315689	-0.000188402	0.000173617
0.00820451	0.0212412	0.0531883	6.08954e-06	-0.000188402	3.76235e-05
0.0060587	-0.10466	0.0134597	0.000287513	-0.000293862	0.000121751
0.00605317	0.0538492	0.0365182	-0.000153598	-0.000188402	0.000121751
0.00263234	-0.0635598	0.0258785	0.000676417	-0.000342604	0.000171841
0.00135864	-0.047143	0.02359	0.000300188	-0.000188402	0.000121751
-0.00384698	-0.0194952	0.0251107	-4.95441e-05	-0.000188402	0.000121751
-0.00370946	-0.0901283	-0.00691922	0.000742068	-0.000188402	0.000223381
0.00603063	0.0407035	0.0421081	0.000546414	0.00024914	0.000121751
0.00605771	-0.0679577	0.0187176	0.00116557	2.14165e-05	0.000121751
0.00607892	-0.027523	-0.0160013	0.000450151	0.000216051	0.000262574
0.0244482	0.0222831	0.0228858	0.00104427	0.0005014	0.000121751
0.00605186	-0.116197	-0.0566475	0.00155543	0.000277	0.0003434
0.0159978	-0.0217312	0.00285298	-0.000104329	-0.000188402	0.000422946
-0.0165309	0.0223598	0.00602398	0.000731998	-0.000188402	-0.000167764
0.00380409	-0.037658	-0.0297805	0.00212499	0.000583413	0.000204156
0.00385138	-0.0576715	-0.0401978	0.000736951	0.000378198	0.000204156
0.00375661	0.0259229	0.0261329	0.000403056	0.000439925	0.000204156
0.00379584	-0.0555745	0.00745083	0.00112125	-5.18473e-05	8.98626e-05
0.0037874	-0.0877967	-0.0361072	0.000822158	8.33684e-05	0.000319157
0.00379573	-0.0900489	-0.0360385	0.00156261	0.000336393	0.00034548
0.0186595	0.0622071	0.0487656	0.002115	-0.000188402	0.00034548
0.00228247	-0.00249336	0.0153863	0.00120935	3.47205e-05	0.00034548
-0.00151272	-0.0259283	-0.00481123	0.0016345	0.000126894	0.00034548
-0.00191912	-0.0682457	-0.0275083	0.00187694	2.22653e-05	0.00051127
-0.0031221	-0.0068212	-0.00245912	0.00140685	0.000277379	0.000502161
0.00414761	-0.0414912	0.00205934	0.00246248	0.000367422	0.000486948
0.0106836	0.000845571	-0.008409	0.00178482	1.83543e-05	0.00034548
0.0307035	0.0183548	0.0120733	0.0019538	0.000270241	0.00034548
0.0107452	-0.109302	-0.0598737	0.00281817	0.000434089	0.00034548
0.016615	-0.0391721	-0.0560262	0.00353368	-3.0063e-05	0.000531086
0.0221413	0.0789399	0.0244562	0.00225325	0.000179062	0.00034548
0.0351853	-0.000980248	0.0330084	0.00294259	0.000448221	0.00034548
0.0262578	-0.0543467	0.0215161	0.00103385	-0.000188402	0.000696084
0.0130735	-0.0932605	-0.0659323	0.00333966	0.000817496	0.00034548
0.0104268	-0.0441298	-0.0733084	0.00351394	0.00047392	0.00034548
0.0329229	0.0932539	-0.00162589	0.00287426	0.0002554	0.00034548
0.0329051	-0.0933982	-0.0328733	0.00316008	0.000302892	0.00034548
0.0329092	0.0645808	0.0209145	0.00157051	0.000170894	0.00034548
0.0329051	-0.000228631	0.00732633	0.00286772	0.000302892	0.00034548
0.0329051	-0.0725056	-0.0326614	0.00336652	0.000302892	0.00034548
0.0329051	0.0524133	-0.0144972	0.00249113	0.000302892	0.00034548
0.0329051	0.0505293	0.0284306	0.00268523	0.000302893	0.00034548
0.0329051	-0.0240865	0.00391833	0.00264542	0.000302892	0.00034548
0.0329051	-0.00622217	-0.00357788	0.00271589	0.000302893	0.00034548
0.0213348	-0.0939296	-0.0284811	0.00354208	0.000302893	0.000421829
0.042051	0.0792969	0.0387076	0.00349348	0.000302893	0.000420939
0.0328797	-0.13241	-0.0220311	0.0045906	0.000302893	0.000486753
0.0545347	0.0553172	0.102301	0.00283252	-0.000101927	0.000614362
0.0285839	-0.0469353	-0.00847534	0.00388186	5.77656e-05	0.000496225
0.0386405	0.0781498	0.0208021	0.00367022	0.00048504	0.000262131
0.0207178	-0.10492	-0.0602868	0.00482067	0.000435332	0.000437248
0.0206873	-0.0508682	-0.043	0.00467831	0.000225368	0.000399779
0.0512369	0.0882489	0.0330697	0.00501343	0.000447946	0.000605975
0.0359402	-0.0726225	-0.0609361	0.00509167	0.000193954	0.000605975
0.061082	0.127771	0.0803393	0.00473838	0.000493778	0.000605975
0.0315643	-0.0902268	-0.0516902	0.00396275	0.000193954	0.000269821
0.0309676	0.096704	0.0182427	0.00381836	0.000193954	0.000166823
0.0150421	-0.125539	-0.0816616	0.00340664	0.000193954	0.000155359
0.0249126	0.0723195	-0.00253465	0.00378062	0.000193954	-0.000111043
0.0102544	-0.0481582	-0.0549926	0.00334025	9.7349e-05	-1.25615e-05
0.0170095	-0.0167623	-0.0249118	0.00391995	0.000155403	0.000155359
-0.0037889	-0.061493	-0.0840474	0.00404843	-0.00023023	0.000155359
-0.0139735	-0.0779194	-0.0511414	0.00191198	-0.000530546	0.000155359
0.0185312	0.13268	0.000419661	0.00355366	0.000583439	0.000155359
-0.0216905	-0.0589971	-0.0730754	0.00416751	0.000128862	0.000382986
0.00659897	0.0201843	-0.0119993	0.0041593	0.000137214	0.000155359
-0.017088	-0.14386	-0.118037	0.0049236	-5.45472e-05	0.000486902
-0.00930251	0.0665037	-0.0342444	0.00444861	-7.62957e-06	0.000472702
-0.0124229	-0.0510155	-0.0913753	0.00458216	-0.000127526	0.000312645
-0.0162074	-0.0342536	-0.109116	0.00415367	2.34963e-05	0.000473436
-0.0125394	-0.0664017	-0.145914	0.0050298	-0.000190391	0.000443528
0.00660674	0.0420336	-0.0383766	0.00500807	-9.40302e-05	0.000236507
-0.00753946	-0.00972274	-0.0887507	0.00485472	-0.000423496	0.000471758
-0.0196188	0.0625893	-0.0209319	0.00442649	-0.000142761	0.000388051
-0.0164515	-0.120035	-0.0923291	0.00542716	-0.000423496	0.000546565
-0.000368482	0.098155	-0.00787427	0.00445302	-0.00032604	0.000336645
-0.00300072	-0.0755978	-0.0728187	0.00595916	0.000143613	0.000596775
-0.0155787	0.0134271	-0.0737679	0.00551227	-0.000423496	0.000436366
-0.0117268	-0.104267	-0.0633131	0.00454909	-0.000615255	0.000596775
-0.0172591	-0.0687004	-0.146145	0.00725063	-4.76408e-05	0.000596775
0.0117717	0.11643	0.00180915	0.00724258	-9.63687e-05	0.000596775
-0.00292622	-0.0316876	-0.0753252	0.0064184	-0.000406512	0.000596775
-0.00292622	-0.0900737	-0.107618	0.00693026	-0.000406512	0.000596775
-0.0521475	0.12516	-0.113499	0.00641945	0.000192545	0.000784671
-0.0929113	0.123452	-0.283309	0.00682835	-0.000406512	0.000790323
-0.0647538	-0.116035	-0.201423	0.00602082	-0.000147271	0.000573482
-0.0477093	-0.230868	-0.266379	0.00489529	-0.000149933	0.000315075
-0.0188587	-0.17818	-0.20773	0.00337139	0.000191003	0.000622277
-0.0255395	-0.172096	-0.192229	0.00350347	9.57896e-05	0.000889336
-0.0190414	-0.0308539	-0.0824041	0.00355142	0.00040391	0.000977217
0.0041942	0.03957	-0.020258	0.00363066	-5.99856e-06	0.00104791
0.00640063	-0.145921	-0.112949	0.0040313	0.00040391	0.00104791
0.0155423	-0.0835832	-0.126224	0.0050253	0.000491781	0.00104791
0.039004	0.0173664	-0.0669824	0.00458563	0.00040391	0.000917275
0.0064703	-0.119202	-0.122187	0.00539043	0.00040391	0.000644267
0.02765	0.145006	-0.0435218	0.00537703	0.000962183	0.000595325
-0.0435263	-0.123095	-0.436037	0.0131327	-0.000713203	0.000164805
-0.0184161	0.0089491	-0.182286	0.00452135	-0.000317934	0.000579064
-0.0239713	-0.128153	-0.185756	0.00463347	-4.89103e-05	0.000579064
-0.018396	0.0700584	-0.118185	0.00401848	-0.000129844	0.000579064
-0.00497109	-0.137264	-0.140455	0.00573181	-0.000129844	0.000579064
0.00990037	0.102324	-0.022645	0.00423563	0.00013437	0.000513025
-0.00695254	-0.144296	-0.120535	0.0047452	-0.000129844	0.000765599
-0.0201519	-0.0824527	-0.131027	0.00473074	-0.000129844	0.000828702
-0.00208016	0.0831191	-0.070063	0.0045487	-0.000129844	0.000690845
-0.00149478	-0.153029	-0.144916	0.00519653	-0.000129844	0.000877849
0.00833552	-0.0484615	-0.131204	0.00625505	-0.000129844	0.00110381
0.00638023	0.126117	-0.0527	0.0049197	-0.000129844	0.000776984
0.00764745	-0.0834189	-0.0964591	0.00515176	-0.000535468	0.000352168
-0.00153317	-0.0559075	-0.139547	0.00484109	-0.000535468	0.000773231
-0.015427	-0.0931936	-0.141489	0.00575923	-0.000588463	0.000931154
-0.00151036	0.0576859	-0.0966965	0.00469321	-0.000535468	0.000866411
0.0032506	-0.013419	-0.0687529	0.00507379	-0.000292155	0.00062957
-0.00150891	-0.0985305	-0.127154	0.00512178	-0.000293839	0.000863529
0.00763807	0.0555181	-0.0786271	0.00470852	-0.000535468	0.00062957
-0.00512186	-0.135879	-0.160333	0.00551396	-0.000535468	0.000978939
-0.00500369	0.02177	-0.126411	0.00440338	-0.000535468	0.00115728
-0.0145838	-0.115906	-0.162625	0.00567152	-0.000535468	0.00121571
-0.00172784	0.0471302	-0.0972271	0.00543339	-0.000358221	0.00129269
-0.00169083	-0.095837	-0.124412	0.0061645	-0.000535468	0.00127902
0.00846842	0.156715	-0.023801	0.0054175	-0.000256709	0.00123311
-0.00177435	-0.14953	-0.149431	0.00589918	-0.000535468	0.00102714
-0.0211483	-0.0841467	-0.086793	0.00416966	-0.000521826	0.00123389
-0.00535832	0.0315875	-0.16304	0.0075282	-0.000544427	0.000552121
0.00980791	0.0930001	-0.111477	0.00655361	-3.41604e-05	0.000937915
0.0141679	-0.02289	-0.11463	0.00776435	2.353e-05	0.000937915
0.0177158	-0.0469571	-0.132965	0.00757378	0	0.00121978
