0.0297756	-0.0607001	-0.0511849	0	0	0.00088653
0.0315981	-0.0734047	-0.0192378	-0.000235204	0.000163388	0.000628923
0.0310804	-0.0102754	-0.0252525	-0.000151285	6.50562e-05	0.000797605
0.00865525	-0.00699231	-0.00863084	-0.000421313	0	0.000991132
0.0340849	-0.032617	-0.00292254	-0.00029779	0.000106765	0.000840382
0.0198778	-0.00196977	-0.0211306	-0.000502984	0.000365369	0.000570577
0.0107925	0.00766741	-0.00474174	-0.000804842	-5.29395e-23	0.000541567
0.00865938	-0.017437	0.000398864	-0.000420229	0.000114433	0.000439717
0.00866274	-0.0102609	0.0117357	-0.000618422	0.000227543	0.00049316
0.0197474	-0.00412885	0.0117064	-0.000612568	-5.603e-23	0.000516785
0.00601394	0.00426996	0.0117165	-0.000689297	0	0.000527392
0.00868209	-0.0390373	-0.000552395	-0.000277703	0.00015237	0.000379396
0.00867462	0.00427295	0.0073863	-0.000154071	7.52491e-05	0.000527392
0.00868839	0.0136304	0.0261219	-0.000754322	5.20942e-05	0.00011182
0.000777629	0.0115809	0.00922846	-0.000353158	0.000149855	0.000527392
0.00868671	-0.00906977	0.0284601	-1.44511e-05	0.000248646	0.000205155
0.00867251	0.000161543	0.0116047	-0.000454743	8.78919e-05	0.000182356
0.000964	0.0291074	0.00781169	-1.44511e-05	-0.00010052	0.000115445
-0.00321703	-0.00559275	0.00780308	-0.000537308	0.000509526	-2.79714e-05
-0.0108184	-0.0156295	0.00779008	8.83136e-05	0	5.51719e-05
0.00114111	0.00421803	0.00776726	-0.000732927	0	-0.00016552
-0.00856711	0.0137673	0.00778119	-0.00057197	0	3.54168e-05
0.000276503	0.0110429	-0.0151771	-0.00024457	-9.2303e-05	-6.91905e-06
-0.00803626	0.00289507	-0.0255647	-3.66408e-05	0	-2.93449e-05
-0.0108282	0.012286	-0.0152188	0.00126995	-0.000413181	3.01372e-05
-0.0173945	0.0052047	0.0147393	0.0007432	-9.69034e-05	-1.81852e-05
-0.0108261	-0.0135268	-0.0104769	0.00158124	8.8381e-05	2.62034e-05
-0.0108258	0.014593	-0.00700804	0.00142748	-0.000146256	-3.34509e-05
-0.0137952	0.0196351	0.00207328	0.00159947	-0.000413181	-0.000104033
-0.0108286	-0.0075606	-0.0118483	0.00182467	-0.000176914	-0.000285261
-0.0107983	-0.0129139	-0.0197244	0.00173621	0.000105787	-0.000300354
-0.0108236	0.00065921	-0.0304733	0.00135283	-0.000313134	-0.00028863
-0.0215079	0.00399213	-0.0277158	0.00150764	-3.322e-05	-0.00028863
-0.0218735	-0.0311271	-0.0344397	0.00155889	4.87454e-05	-0.00028863
-0.0269638	-0.0266667	-0.0253552	0.00159055	0.000102313	-0.00028863
-0.0269694	0.0154161	-0.0257585	0.0014091	-0.000120602	-0.000560798
-0.0298181	0.00959542	-0.0175875	0.00115088	-0.000234864	-0.00047455
-0.0269314	-0.0107809	-0.0464556	0.00109335	0.000148519	-0.000587698
-0.0269311	-0.0148972	-0.04644	0.00120448	4.13219e-05	-0.00028863
-0.026975	-0.0174907	-0.0464299	0.00108158	-0.000413181	-0.00028863
-0.0356741	0.00863451	-0.0464193	0.00122869	-0.000413181	-0.000483829
-0.0444578	-0.012065	-0.0570965	0.0012623	-0.000413181	-0.000458414
-0.0395477	-0.0334366	-0.0464195	0.00148773	-6.75224e-05	-0.000649359
-0.0444441	-0.00862603	-0.0676745	0.00128608	-9.19164e-05	-0.00053549
-0.0444517	0.015868	-0.051203	0.000867518	-0.00014521	-0.00028863
-0.044441	-0.0161314	-0.0511965	0.00100164	-0.000168246	-0.000473666
-0.0444626	-0.0168297	-0.0511908	0.00114693	-0.000413181	-0.000497823
-0.0444339	-0.0218807	-0.0512038	0.00104777	-0.000207589	-0.000576149
-0.0444608	0.00787171	-0.0511688	0.00102575	-0.000330023	-0.000572382
-0.0485845	0.000780274	-0.0611684	0.00081954	-0.000413181	-0.000448228
-0.0444739	-0.0177984	-0.0267987	0.000698536	-0.000559315	-0.00028863
-0.0356596	0.0207541	-0.0420533	-0.00016914	-0.000413181	-0.000473285
-0.0472199	0.00747469	-0.0528814	0.000254953	-0.000413181	-0.000414493
-0.0625665	-0.0362108	-0.076002	0.000560465	-0.00079808	-0.000504756
-0.0683112	-0.071857	-0.0932311	0.00104803	-0.000413181	-0.000537016
-0.0853507	-0.00252412	-0.0762669	0.000823083	-0.000413181	-0.00051245
-0.0844758	-0.0344639	-0.0863667	0.00104325	-0.000758996	-0.000468589
-0.0735643	-0.0509488	-0.0853713	0.00116191	-0.000413181	-0.00028863
-0.0793947	-0.0421756	-0.0872841	0.000903825	-0.000413181	-0.000491819
-0.0844685	-0.00688715	-0.0793538	0.000825725	-0.000539985	-0.000368413
-0.084465	-0.0442908	-0.0844682	0.00134381	-0.000774944	-0.000456981
-0.0740711	-0.0369868	-0.0921445	0.00105677	-0.000413181	-0.000515397
-0.0761426	0.00593376	-0.0892642	0.000710352	-0.000848627	-0.000537173
-0.0754225	-0.0289057	-0.083437	0.00106137	-0.000496392	-0.000631781
-0.0740066	-0.054293	-0.0885194	0.00137707	-0.000413181	-0.000652591
-0.0844427	-0.0050318	-0.0885401	0.000858796	-0.000413181	-0.000730097
-0.0925056	-0.0286187	-0.0885176	0.000998362	-0.000516905	-0.000702693
-0.0914568	-0.0499249	-0.106017	0.00124942	-0.000345396	-0.000871552
-0.0993869	-0.0706307	-0.050139	-0.000591203	-0.000255973	-0.00114432
-0.102498	-0.00618721	-0.0965531	0.000850884	-0.000413181	-0.00109689
-0.0810451	-0.018293	-0.0808958	0.00388516	-0.000413181	-0.000557281
-0.0675665	-0.0442077	-0.0433801	0.00239344	-0.000413181	-0.000515507
-0.0775743	-0.00118164	-0.0963506	0.00281701	-0.000413181	-0.000702692
-0.073936	-0.0379712	-0.086958	0.00325905	-0.000274268	-0.000702693
-0.0744284	-0.0439504	-0.0905282	0.00324279	-0.000413181	-0.000639319
-0.0852221	-0.000811807	-0.099836	0.00274678	-0.000413181	-0.000920435
-0.085216	-0.0358941	-0.0942575	0.00282689	-0.000413181	-0.000878922
-0.0669787	-0.0537076	-0.0904306	0.0025428	-0.000413181	-0.000702693
-0.0730939	0.0242953	-0.089774	0.00218133	-0.000413181	-0.000931539
-0.0666643	-0.0383411	-0.0830701	0.00284352	-0.00035407	-0.000702693
-0.0540688	-0.0448454	-0.0889311	0.00256447	-0.000413181	-0.000625535
-0.0666552	0.0168506	-0.0830808	0.00257774	-4.48721e-05	-0.000632282
-0.0530337	-0.0643736	-0.0830037	0.0030527	8.67215e-05	-0.000702693
-0.066613	-0.00290441	-0.0981955	0.00267591	0.000111376	-0.000967884
-0.0594165	-0.00197809	-0.0830008	0.00279667	-6.67938e-05	-0.00083306
-0.0591917	-0.0441597	-0.077381	0.0030599	5.6273e-05	-0.000702693
-0.0666776	-0.0194888	-0.0591135	0.00258255	-0.000663181	-0.000702693
-0.0666606	-0.00302672	-0.0591257	0.00276145	-0.000244899	-0.000702693
-0.0644047	-0.00119502	-0.0759321	0.00260373	-0.000413181	-0.000702692
-0.045882	-0.0223935	-0.0591419	0.00231793	-0.000413181	-0.000702692
-0.053431	0.0343534	-0.0627854	0.00256253	-0.000413181	-0.000702692
-0.0505956	-0.0207428	-0.0433384	0.00289219	-0.000413181	-0.000702692
-0.0572159	-0.00371454	-0.0528378	0.00221744	-0.000413181	-0.000702692
-0.0506811	-0.00579532	-0.0461518	0.00218166	-0.000413181	-0.000588466
-0.0666678	0.00148836	-0.0595058	0.00263414	-0.000413181	-0.000702692
-0.0540945	-0.0499427	-0.0595274	0.00236453	9.85758e-05	-0.00064842
-0.0551115	0.0209478	-0.0768456	0.00229216	-0.000413181	-0.000702692
-0.0449727	-0.0570206	-0.0768482	0.00250029	-0.000251729	-0.000702692
-0.0548623	0.0184629	-0.0547306	0.00266189	-0.000149436	-0.000702692
-0.044789	-0.0201678	-0.0620319	0.00237761	-0.000413181	-0.000702692
-0.0400632	-0.00909701	-0.0684253	0.00231681	-0.000151696	-0.000702692
-0.0417952	-0.0173343	-0.0855849	0.00245759	-0.000413181	-0.000847814
-0.0472214	0.0267643	-0.0685216	0.00249183	-0.000497944	-0.000702692
-0.0399746	-0.0487156	-0.0765631	0.00294009	-0.000413181	-0.000702692
-0.0406204	0.0167347	-0.0546003	0.00276725	-0.000413181	-0.000530584
-0.0374802	0.00574985	-0.0287741	0.00297806	-0.000413181	-0.00057463
-0.0264661	-0.0303611	-0.0251783	0.00226807	-0.000413181	-0.000702692
-0.0377559	0.0385358	-0.0578982	0.00276319	-0.000413181	-0.000702692
-0.0427772	0.0134678	-0.0552245	0.00286906	-0.000413181	-0.000702692
-0.0377559	-0.0137539	-0.0543202	0.00235178	-0.000413181	-0.000702692
-0.0377529	0.0387021	-0.0555005	0.0026588	-0.000496204	-0.000639928
-0.0377618	-0.0237874	-0.0534052	0.00297116	-0.000413181	-0.0005446
-0.0377559	0.0145497	-0.0599174	0.00285196	-0.000413181	-0.000702692
-0.0403465	0.0186302	-0.0577359	0.00300441	-0.000413181	-0.000463314
-0.0431418	-0.0216862	-0.0619682	0.00311982	-0.000413181	-0.00036685
-0.0497049	0.0115233	-0.0803981	0.00361063	-0.000486548	-0.000347833
-0.044005	-0.0333826	-0.0487051	0.00372446	-0.000413181	-0.000702692
-0.0433998	0.000716347	-0.0861052	0.00329749	-0.000413181	-0.000603605
-0.0488	0.00654719	-0.0828833	0.00339223	-0.000413181	-0.000702692
-0.0377586	-0.0225278	-0.115968	0.00349024	-0.000413181	-0.000611565
-0.0402998	-0.0433348	-0.142557	0.00347811	-0.000413181	-0.000561896
-0.0550935	-0.0108378	-0.148781	0.00312761	-0.000413181	-0.000702692
-0.0865775	-0.0669591	-0.18525	0.00372737	-0.000785681	-0.000157272
-0.0642479	-0.067021	-0.181159	0.00388027	-0.000413181	-0.000529782
-0.0637066	-0.0516598	-0.167853	0.00335364	-0.00035516	-0.000537473
-0.064373	-0.0483608	-0.164049	0.00345712	-0.000413181	-0.000533728
-0.0661066	-0.0704153	-0.164074	0.00354651	-3.3755e-05	-0.000702692
-0.0709655	-0.0733647	-0.184049	0.00364123	-0.000249035	-0.000702691
-0.119804	-0.0606526	-0.207846	0.00358707	-0.000413181	-0.000222349
-0.125055	-0.0899258	-0.216838	0.00334523	-0.000920987	-8.92035e-05
-0.111648	-0.0946224	-0.207909	0.00332541	-0.000248362	-0.000267094
-0.113736	-0.0799957	-0.207851	0.00304682	-0.000742632	-0.000408342
-0.120079	-0.065183	-0.216688	0.00270325	-0.000365843	-0.000498973
-0.123957	-0.0841675	-0.219862	0.00295905	-0.000462347	-0.000630924
-0.113694	-0.106057	-0.217722	0.0030825	-0.000555248	-0.000543599
-0.111987	-0.0629139	-0.219366	0.00254479	-0.000480415	-0.000707091
-0.118033	-0.0923403	-0.214985	0.00325193	-0.00023237	-0.000719231
-0.127615	-0.0529998	-0.206508	0.00233855	-0.000380707	-0.000948631
-0.131861	-0.0468298	-0.180787	0.00248119	-0.000180284	-0.000964985
-0.13562	-0.00776882	-0.18074	0.00299662	-0.000602304	-0.000977593
-0.135549	-0.0972436	-0.180754	0.00299662	-0.000538608	-0.000702858
-0.163138	-0.0598716	-0.191936	0.00250899	-0.000290004	-0.00107913
-0.161705	-0.0932643	-0.201038	0.00265556	-0.000316334	-0.00108073
-0.161735	-0.105873	-0.211143	0.00284472	-0.000478048	-0.00120218
-0.17924	-0.0479979	-0.204787	0.00235755	-0.000343195	-0.00118833
-0.174845	-0.0738121	-0.177705	0.00239412	-9.82208e-05	-0.00121629
-0.177964	-0.0656127	-0.167234	0.001825	-0.00052198	-0.00108403
-0.170919	-0.051683	-0.186027	0.00176422	-0.000731251	-0.00115222
-0.177634	-0.0607987	-0.163296	0.00146109	-0.000920988	-0.00100626
-0.161834	-0.0740826	-0.174559	0.00145465	-0.000920988	-0.00119615
-0.161829	-0.0751468	-0.181209	0.0012417	-0.000920988	-0.00121569
-0.172398	-0.0273912	-0.179762	0.000972112	-0.000859399	-0.0012629
