1.88055e-05	0.0249927	-0.0252641	0.00510618	0.00031798	-0.000135022
0.00351489	0.0419267	-0.0409865	0.00434124	0.000263842	0
0.0105582	0.00103591	-0.011674	0.00266238	0.000156752	0
0.00731702	0.00731573	0.00847215	0.00200335	0.000142074	0
0.00980442	0.0129187	0.0130026	0.00155316	3.04654e-23	0.000140497
0.00923869	0.0388469	0.00230865	0.00112373	0	0.000371141
0.0211424	0.00889201	0.013433	0.00112611	0	0.000395776
0.00614701	0.00330653	0.0257407	0.00130316	5.68158e-05	0.000231315
0.00615207	0.000437541	-0.00721312	0.00123723	-2.64698e-23	0.000190343
0.0118357	0.0022661	-0.00481863	0.0010134	0	0.000407354
0.0109551	0.00936	0.0292144	0.0010134	-5.02155e-23	0.000231578
0.010951	0.0204362	0.0292048	0.000810217	0	0.000232339
0.0109608	0.00123422	0.0451933	0.000405352	0.000127918	0
0.0226398	0.0177077	0.0276599	-1.28001e-05	0.00018523	0
0.0274098	0.00123488	0.00551342	0.000323406	0.000460605	0
0.0274107	0.0107753	0.0217006	0.000173751	0.000460605	0.000147574
0.0395976	-0.00396872	-0.0117951	0.000460765	0.000460605	0
0.0286114	0.0088929	0.00221521	0.000361688	0.000460605	0
0.0282102	-0.00280907	0.00221193	7.67506e-05	0.000710605	6.61745e-24
0.0193591	-0.00156739	0.0288648	0.000267579	0.000460605	0
-0.00210399	0.00997649	0.00157387	-2.99417e-05	0.000308032	-6.8157e-05
-0.00385055	-0.00781592	0.00471259	-0.000468157	0.000175324	0
0.021103	0.00655186	0.0408537	-0.000428402	0.000564477	-0.000395271
-0.000477354	0.00559867	0.0309612	-0.000782747	0.000148011	0
-0.000478563	-0.00394673	0.0250815	-0.000782747	0.000290694	0
-0.000657891	-0.0333877	-0.339479	0.00712074	-0.000102486	-9.91614e-05
-0.000694322	0.0416404	-0.176735	0.00394732	-0.000128514	9.63448e-05
-0.0211108	0.004728	-0.0364392	-0.000724701	-0.000330881	0.000308886
-0.0155876	0.00725885	0.00255413	-0.000812276	-0.00036263	0.000475611
-0.019858	-0.00715795	0.00981764	-0.000811882	-0.000213446	0.000659266
-0.0294702	-0.0268169	-0.00733058	-0.00109536	-0.000213446	0.000590127
-0.0327456	-0.00830175	-0.0287358	-0.00121458	-0.000213446	0.000691991
-0.114925	0.103428	-0.838562	0.0269173	-0.0018015	-0.00155486
-0.050858	-0.027607	-0.495961	0.0207368	-0.0025599	-0.000173208
-0.00169191	-0.0139158	-0.10062	0.00366859	-0.000815392	0.000302439
0.0184722	-0.0188275	-0.0283584	0.00147433	-0.000815392	0.00100684
0.0184672	-0.0147011	-0.0131622	0.000652924	-0.000931987	0.00101502
0.0215154	-0.011279	-0.0235766	0.000734091	-0.000754956	0.00107769
0.0376568	-0.0467767	0.000393297	0.000156413	-0.000754956	0.00101502
0.0370922	-0.0265313	0.034233	-0.00034134	-0.000754956	0.00101502
0.0368756	-0.0253238	0.0106628	-0.000150745	-0.000329277	0.000566992
-0.00746006	-0.077742	-0.107051	0.000761392	-0.00026078	0.000114703
-0.0105019	-0.00281162	-0.0783918	-5.18949e-05	-0.000801675	0.000743302
-3.23192e-05	-0.0241087	-0.0757797	-0.000382921	-0.000627579	0.000720492
0.0088552	-0.023466	-0.0460002	-0.000479626	-0.000397569	0.000601445
-0.0161194	-0.0391243	-0.0838708	-0.000420059	-0.000646507	0.000637599
-0.0161353	-0.0384862	-0.0788925	8.09884e-05	-0.000869931	0.000664145
-0.0161499	-0.0233949	-0.0829768	-6.29154e-05	-0.000876381	0.000661228
-0.0135292	0.00301933	-0.0819478	-0.000704092	-0.00104077	0.000705208
-0.0161272	-0.0166856	-0.106344	-0.000305872	-0.000819728	0.000529956
0.000174345	-0.00173167	-0.0591867	-0.000448759	-0.000701147	0.000529956
-0.0023094	-0.0316094	-0.0597815	-0.000393453	-0.000806846	0.000699184
-0.0105823	-0.0145611	-0.0729258	-0.000456302	-0.000798687	0.000718735
-0.00756719	-0.0145178	-0.0729394	-0.000883597	-0.000849844	0.000739672
-0.0106019	-0.0278025	-0.0777869	-0.000716207	-0.000931238	0.000759127
-0.0105715	-0.0367205	-0.0794585	-0.000545917	-0.000807576	0.000529956
-0.00640007	0.00318892	-0.0711989	-0.000791967	-0.000661295	0.000529956
0.0168856	-0.00998627	-0.0169979	-0.000722909	-0.000397569	0.000529956
0.00186988	-0.020504	-0.043641	-0.000730659	-0.000650377	0.000697134
0.0150425	-0.00027057	-0.0698716	-0.000742173	-0.000397569	0.000529956
-0.0111181	-0.0366657	-0.0899077	-0.000791329	-0.000946527	0.000529956
-0.0148284	-0.00109596	-0.0516641	-0.000449273	-0.000993761	0.000732288
-0.0110864	-0.0190325	-0.0329335	-0.000616026	-0.000828087	0.00074242
-0.00850218	-0.00992039	-0.0387274	-0.000925033	-0.000828087	0.000937174
-0.0110997	-0.044027	-0.0588864	-0.000744774	-0.000828087	0.000862327
-0.0110866	-0.0330438	-0.0751685	-0.000613034	-0.000828087	0.000529956
-0.0110866	-0.0114784	-0.055318	-0.00105463	-0.000828087	0.000529956
-0.0110916	-0.0120003	-0.0305748	-0.000761625	-0.000828087	0.00080304
-0.0148714	-0.0549532	-0.0661266	-0.000623957	-0.000828087	0.000764952
-0.0110866	-0.00109655	-0.0961994	-0.00102612	-0.000828087	0.000529956
-0.0110779	-0.00120235	-0.0474203	-0.000834215	-0.000828087	0.000763944
-0.0110828	-0.0263218	-0.0602929	-0.000518563	-0.000828087	0.000854087
-0.0191319	-0.0333262	-0.0821924	-0.000393247	-0.000828087	0.000762981
-0.0166633	-0.0117245	-0.0784603	-0.000491478	-0.000828087	0.000806076
-0.0111234	0.00344582	-0.0584181	-0.000739555	-0.00121894	0.000701986
-0.0111062	-0.0361885	-0.0776244	-0.000750147	-0.00099537	0.000673839
-0.0110866	-0.0233158	-0.106975	-0.000634345	-0.000828087	0.000529956
-0.0110866	0.0127752	-0.0949423	-0.000906198	-0.000828087	0.000529956
-0.0182973	-0.0346027	-0.0910593	-0.000478666	-0.000828087	0.000529956
-0.0216798	-0.00157523	-0.0879543	-0.000523373	-0.000828087	0.000529956
-0.0111063	-0.0220122	-0.101968	-0.000543048	-0.000979166	0.000683472
-0.0145728	-0.011768	-0.0823083	-0.000700455	-0.000991439	0.000719131
-0.0110866	-0.025071	-0.0783005	-0.000708432	-0.000828087	0.000529956
-0.0110887	-0.0421069	-0.0990585	-0.000605919	-0.000828087	0.000612425
-0.0111175	-0.00871417	-0.111279	-0.000875625	-0.00103546	0.00081592
-0.0162031	-0.0206	-0.097369	-0.000930321	-0.00109924	0.000702621
-0.0191281	-0.022905	-0.106163	-0.000643687	-0.00119796	0.000602544
-0.0111195	-0.0341579	-0.0772558	-0.000875625	-0.00109534	0.000529957
-0.0111299	0.00525455	-0.11215	-0.000816116	-0.00109557	0.000529956
-0.0111107	0.00526872	-0.0846209	-0.000971652	-0.00112972	0.000748689
-0.0111541	-0.00637034	-0.146065	-0.000722025	-0.00126455	0.000732708
-0.0171896	-0.0372697	-0.119154	-0.00101163	-0.000828087	0.000529957
-0.0140365	-0.0375587	-0.112597	-0.00028442	-0.000828087	0.000529957
-0.0110676	0.00899786	-0.0660797	-0.000678523	-0.000880777	0.000799803
-0.0110876	-0.0111606	-0.0664822	-0.000423242	-0.000828087	0.000982766
-0.0121729	-0.0396384	-0.0946638	-0.000598023	-0.000908029	0.000899885
-0.0121565	-0.00127609	-0.0678132	-0.000907733	-0.000828087	0.000902987
-0.0162681	-0.0192225	-0.0831133	-0.000703959	-0.000919137	0.000924321
-0.0172241	-0.0251317	-0.0952261	-0.000692357	-0.000966332	0.000712779
-0.0157708	-0.0327466	-0.102128	-0.000420485	-0.000828087	0.00075936
-0.0157795	0.00685968	-0.0863905	-0.000776337	-0.000828087	0.000529957
-0.0157966	-0.0262281	-0.0951774	-0.000711964	-0.00096643	0.000529957
-0.0258898	-0.0279967	-0.101311	-0.000523831	-0.000828087	0.000846661
-0.0321653	-0.00678951	-0.115892	-0.000678936	-0.000943575	0.000675434
-0.0130043	-0.00862233	-0.0968463	-0.000722946	-0.00110966	0.000638056
-0.00165693	-0.0270755	-0.111589	-0.000387212	-0.000933988	0.000529957
-0.00164089	-0.041111	-0.116017	-0.000879901	-0.000828088	0.000529957
-0.00164089	-0.0222592	-0.140081	-0.000771159	-0.000828088	0.000529957
0.00402657	-0.0181043	-0.107203	-0.000875689	-0.000363508	0.000529957
-0.00161825	-0.0226828	-0.0619855	-0.000625806	-0.000244073	0.000529957
-0.00167203	-0.0358073	-0.0748764	-0.000344091	-0.000923649	0.000883114
-0.0193028	-0.0455314	-0.0760391	-0.00069278	-0.000923649	0.000900453
-0.0193076	-0.0337907	-0.089263	-0.00105627	-0.000782957	0.000998186
-0.00138879	-0.0363553	-0.0579165	-0.00119044	-0.000923649	0.000870025
-0.00139134	-0.0416949	-0.0752579	-0.000694037	-0.000923649	0.000950121
-0.0195764	-0.0557361	-0.101048	-0.000521837	-0.00101015	0.00082811
-0.0195476	-0.0291847	-0.115888	-0.0009595	-0.000923649	0.000712774
-0.0155325	0.00480159	-0.0740074	-0.000984554	-0.000923649	0.000583153
-0.0140982	-0.0219349	-0.0841267	-0.000851947	-0.00101309	0.000845066
-0.0191009	-0.0243709	-0.142114	-0.000378732	-0.000923649	0.000529957
-0.0419977	-0.0917463	-0.422077	0.00513469	-0.00143612	0.000529957
-0.0150557	0.00834612	-0.190417	0.000448935	-0.00116162	0.000799026
-0.0175127	-0.0285672	-0.122782	-0.00058189	-0.000866407	0.000761899
-0.0154539	-0.0433161	-0.0831545	-0.000464259	-0.000701945	0.00107832
-0.022122	-0.0161303	-0.0867939	-0.00137843	-0.000888338	0.00100286
-0.0251807	-0.052656	-0.102536	-0.000644778	-0.000939967	0.000963174
-0.0133029	-0.0291351	-0.0638038	-0.000727744	-0.00135305	0.00112089
-0.0144195	-0.0443785	-0.0714046	-0.00112843	-0.000871475	0.00103649
-0.0250894	-0.043588	-0.10528	-0.00112843	-0.000867878	0.00075584
-0.0125053	-0.0280565	-0.0850456	-0.00112843	-0.000894406	0.000759219
-0.0203176	-0.0446143	-0.0816089	-0.000720319	-0.00100308	0.000817291
-0.0220409	-0.0385056	-0.085834	-0.000896901	-0.00084689	0.000802954
-0.0181076	-0.0212597	-0.096755	-0.00104212	-0.00117694	0.000904411
-0.0224618	-0.0363331	-0.147819	-0.000888134	-0.00084689	0.000798968
-0.0224839	-0.00254014	-0.125451	-0.000741688	-0.00107544	0.000788236
-0.00901495	-0.0256024	-0.145642	-0.000812813	-0.00100336	0.000690137
-0.01556	-0.0217796	-0.160628	-0.000833165	-0.00103833	0.000692879
-0.00962824	0.0187278	-0.143655	-0.000649167	-0.000846891	0.000529957
-0.00683354	-0.000202143	-0.125468	-0.000702497	-0.000846891	0.000529957
-0.0172749	-0.0604923	-0.0969553	-5.97227e-05	-0.000846891	0.000862875
-0.0225142	-0.0701283	-0.116609	-0.00137791	-0.000846891	0.00109562
-0.0184396	-0.0643745	-0.0839916	-0.00134927	-0.00126186	0.00111129
-0.0225118	-0.0597633	-0.117619	-0.000740766	-0.000846891	0.00112512
-0.0225004	-0.088352	-0.142046	-0.000873747	-0.00101676	0.000891721
-0.0224788	-0.0354301	-0.105597	-0.000906301	-0.000846891	0.000891721
-0.0225301	-0.0480212	-0.123291	-0.0006885	-0.00119542	0.000891721
-0.0180164	-0.0609322	-0.133863	-0.000821549	-0.00117039	0.000891721
-0.0115306	-0.0322621	-0.165474	-0.00087937	-0.00101485	0.000891721
-0.0215438	-0.00645931	-0.119928	-0.00103486	-0.00119142	0.000891721
-0.028809	-0.0612405	-0.224007	-0.000108768	-0.0014286	0.000891721
-0.0216087	-0.0270951	-0.140335	-0.000601611	-0.00136774	0.000891721
-0.000262596	-0.0652139	-0.166472	-0.000763026	-0.00115469	0.000587091
