-0.0532556	0.102396	-0.0131495	0.00297837	0.00105759	-0.00106391
-0.0158823	-0.0555215	-0.0994056	0.00378165	-0.00017029	-0.000465317
-0.01406	0.00712417	-0.0707715	0.00354635	0	-0.000410279
-0.00283096	-0.0352683	-0.0707715	0.00354635	0	-0.000410279
-0.0221115	0.00321403	-0.0774959	0.00260482	-0.000457445	-0.000410279
-0.0133278	-0.0284832	-0.0398142	0.0020188	0.000145357	-0.000543322
-0.0387176	0.01024	-0.0541156	0.00129541	-0.000457445	-0.000410279
-0.0265945	-0.0202126	-0.0541013	0.00183518	-0.000457445	-0.000410279
-0.0160241	0.00173064	-0.0541338	0.00144176	8.73068e-05	-0.000226727
-0.0304426	0.0255617	-0.00715128	0.00131882	-5.68565e-05	-0.000410279
-0.00504005	-0.0228956	-0.00909537	0.00106174	-0.000304943	-0.000410279
-0.0215537	0.0101596	-0.044854	0.000746712	-0.000608647	-0.00022141
-0.00255693	-0.0410325	0.00692288	0.00114402	-0.000389909	-0.000138496
0.00682563	0.014831	0.010989	0.000894153	-0.000440602	0.000189243
-0.000949139	-0.000130634	0.00501841	0.000988276	-0.000608647	0.000416997
-0.000937579	-0.00013386	-0.000620617	0.000918638	-0.000858647	0.000416997
0.00211647	-0.000123949	0.00517238	-0.000552842	-0.00113333	0.000416997
-0.00094786	-0.0105549	0.0157821	0.000453845	-0.000935002	0.000265509
-0.000934027	0.0123763	-0.00132253	-0.000129698	-0.000992114	0.000416997
0.00220435	-0.024452	0.0182768	-6.31463e-05	-0.00113189	8.92064e-05
-0.000939985	-0.0165301	-0.00531104	1.52988e-05	-0.000988895	-3.98982e-05
-0.0173634	-0.000442217	-0.017016	-0.000774943	-0.000979762	0.000285941
-0.00313608	-0.016549	-0.0084879	-0.0003918	-0.000649572	1.23445e-05
-0.000382866	0.0158484	-0.094494	0.000103883	-0.000426602	0.000416997
0.0184033	-0.264143	-0.49728	0.0102259	0.000822538	0.000416997
0.0666166	-0.747711	-0.992	0.0224289	-0.00350318	0.00314872
0.0160548	-0.268033	-0.455625	0.0115904	-0.00191721	0.00127214
-0.02661	0.0786255	0.139428	0.000646686	0.00204816	-0.00105242
-0.023754	-0.0169391	0.0609612	0.000957984	0.00220765	-0.00105242
-0.0116858	0.00520585	0.0040004	0.00211259	0.00221051	-0.00131332
-0.023735	0.0682241	0.0913316	0.001636	0.0020444	-0.00133992
-0.0237695	0.0393239	0.0814123	0.00243535	0.00217008	-0.00166942
-0.0238401	0.0800172	0.0815233	0.0014414	0.00234624	-0.0017219
-0.0458393	-0.0118563	-0.0533449	0.00195699	0.00232756	-0.00166281
-0.0509186	0.0638721	0.0514933	0.000372327	0.00217855	-0.0017219
-0.0459318	-0.0337069	0.0428954	0.0010805	0.00243093	-0.00188991
-0.045932	0.0343621	0.042932	0.000574244	0.00223185	-0.0017219
-0.0505875	0.0256406	0.0594124	0.000310844	0.00226219	-0.00212609
-0.0464115	-0.000231131	0.0429325	0.000194959	0.0022566	-0.00194657
-0.0693545	0.0316463	0.0592772	-0.000546054	0.00220128	-0.00194418
-0.0693084	-0.00954918	0.0505378	-0.000119291	0.00199844	-0.00222364
-0.0693214	0.0474747	0.048079	-0.000767777	0.0018031	-0.00194966
-0.0529618	0.00670453	0.045942	0.0001105	0.00229054	-0.0017219
-0.0560977	0.0538603	0.0429972	-0.000654938	0.0019552	-0.0017219
-0.0536809	0.0108434	0.0333325	-9.26247e-05	0.00201915	-0.00192958
-0.050844	0.0427435	0.0316168	-0.000727735	0.00208063	-0.0017219
-0.0102096	-0.00287211	-0.00100816	0.00062588	0.00166248	-0.00110914
-0.0355282	0.0985746	0.078487	-0.000543901	0.00150361	-0.0012956
-0.0413717	0.0210408	0.0610383	0.000547036	0.00188941	-0.0017219
-0.0400509	0.0621203	0.080964	-0.000145657	0.00210792	-0.0017219
-0.0480746	0.0860237	0.0985948	-0.000788989	0.00166248	-0.00142124
-0.0481111	0.0195937	0.078629	0.000398945	0.00166248	-0.0017219
-0.0480876	0.0748811	0.0985648	-3.06543e-05	0.00166248	-0.00150222
-0.0480719	0.078723	0.0792711	-0.000310113	0.00190697	-0.00126302
-0.0309149	0.0276417	0.0852282	0.000438067	0.00235338	-0.00142836
-0.0379327	0.0734936	0.0764558	-1.36702e-05	0.00190384	-0.00120396
-0.0403363	0.0775843	0.0791585	-3.29752e-05	0.00207974	-0.00129424
-0.0331976	0.0687579	0.0617758	-0.000352772	0.00166248	-0.00110156
-0.0394102	0.0797412	0.078681	-0.000259604	0.00166248	-0.000977002
-0.0394447	0.0847146	0.0472511	-0.000354179	0.00146267	-0.000993436
-0.0289468	0.0682826	0.0630717	-8.848e-05	0.00166248	-0.00105034
-0.0236675	0.0520199	0.0652186	-0.000184885	0.00156352	-0.000837107
-0.0308909	0.0629473	0.0865363	-0.000301338	0.00166248	-0.00110502
-0.025766	0.031199	0.0626999	5.90895e-06	0.00166248	-0.00100326
-0.0371094	0.0814429	0.100782	-0.000463579	0.00166248	-0.000598573
-0.0371162	0.0355415	0.0837787	0.000179188	0.00166248	-0.000889828
-0.0371343	0.0906107	0.101969	-0.000724928	0.0016038	-0.000948901
-0.0371227	0.0468492	0.0742554	-0.000118296	0.00166248	-0.00104666
-0.0371384	0.0434493	0.0790247	0.000192513	0.00180676	-0.00104666
-0.0371227	0.0884989	0.109737	-0.000675318	0.00166248	-0.00104666
-0.0252654	0.0396304	0.0750016	0.000894732	0.00166248	-0.00112408
-0.0274256	0.0804675	0.0926573	8.47852e-05	0.00166248	-0.000919628
-0.0227594	0.0563048	0.0926233	0.000847446	0.00166248	-0.00109771
-0.0371164	0.0885282	0.0926999	0.000206965	0.00154293	-0.00104666
-0.018505	0.0583879	0.0925957	0.00112437	0.00188205	-0.00104666
-0.0371227	0.0945051	0.0927193	2.78996e-05	0.00166248	-0.00104666
-0.0225541	0.0562325	0.0692183	0.00099915	0.00204168	-0.00104666
-0.0267007	0.0884071	0.0745251	0.000272805	0.00166248	-0.00104666
-0.0229964	0.0562352	0.0853004	0.00130304	0.00187618	-0.00104666
-0.0268091	0.0982607	0.0927037	0.000426975	0.00166248	-0.00104666
-0.0218046	0.0657325	0.0926558	0.000841925	0.00166248	-0.0012031
-0.0172776	0.0867906	0.0927098	0.000372782	0.00166248	-0.000907697
-0.0290909	0.0724859	0.105829	0.000291295	0.00177891	-0.00104666
-0.0230859	0.066769	0.0876624	0.000834365	0.00166248	-0.00104666
-0.0304191	0.0960295	0.0581272	0.000139702	0.00166248	-0.00104666
-0.0180968	0.056234	0.0811692	0.00106977	0.00166248	-0.00104666
-0.0228492	0.103348	0.0655482	0.000372907	0.00166248	-0.00104666
-0.0180968	0.0660439	0.0902809	0.000916456	0.00166248	-0.00104666
-0.0181039	0.0791452	0.0858825	0.000372907	0.00172415	-0.00104666
-0.0180823	0.080267	0.0783863	0.000372907	0.00166248	-0.000837758
-0.00401561	0.0562579	0.0695342	0.00108163	0.00199701	-0.00104666
-0.00225381	0.0854133	0.077909	8.19854e-05	0.00114342	-0.00039948
4.50699e-05	0.0388218	0.0984899	0.000973031	0.00104741	-0.00043748
0.0110554	0.0977992	0.0654727	0.000207215	0.00104741	4.10097e-05
0.0036958	0.0600706	0.00445657	0.000877711	0.00117952	4.10097e-05
0.0197253	0.081258	0.139613	0.000463728	0.00104741	-0.00022236
0.0329994	0.159778	0.218493	-0.00184767	0.00201261	-6.06525e-05
0.0318437	0.107171	0.160097	-0.000528018	0.00146253	0.000109146
0.0263264	0.120461	0.163675	-0.00107341	0.000806533	0.000369512
0.0263175	0.0783276	0.146508	-0.000872748	0.000806533	0.000298542
0.0394096	0.12025	0.125436	-0.00110226	0.000631446	0.000421639
0.0420584	0.0783439	0.130724	-0.000623787	0.00085795	0.000298542
0.030622	0.117085	0.143464	-0.000789272	0.000806533	0.000298542
0.0433272	0.0784074	0.14227	-0.00024924	0.000806533	0.000298542
0.053524	0.117296	0.105953	-0.000692755	0.000806533	0.000298542
0.0535363	0.0870234	0.112986	-0.000425017	0.000806533	0.000433118
0.0501402	0.0865698	0.119609	-0.000623787	0.000861471	0.000474847
0.0352578	0.109309	0.119119	-0.000623787	0.000112521	0.000844445
0.0846575	0.0336626	0.0511939	0.00127948	0.00107878	0.00115866
0.0654563	0.114513	0.114984	-0.000101977	0.000714729	0.00117097
0.0655391	0.0655254	0.14007	0.000190749	0.000200817	0.00114582
0.0654929	0.0997359	0.13281	0.00022037	0.000467282	0.00114206
0.0643067	0.0783355	0.130632	5.434e-05	0.000377504	0.00112668
0.0715936	0.0871809	0.113103	-0.00017892	0.000439602	0.00108013
0.069069	0.0943368	0.125452	7.32878e-07	0.000110184	0.00115831
0.0715775	0.0887351	0.140434	0.000354957	0.000361258	0.00107144
0.0716618	0.14087	0.140481	-0.000335632	-7.54987e-05	0.00136159
0.0761329	0.0845962	0.145105	0.00051173	0.000405492	0.00110031
0.0716652	0.131047	0.140601	-0.000308568	-7.54987e-05	0.00134807
0.0715353	0.102356	0.140554	0.000297816	0.000448631	0.00100538
0.0715016	0.120777	0.140589	3.23344e-06	0.000424855	0.00102259
0.070815	0.102245	0.147703	-0.000293329	-7.54987e-05	0.00116915
0.0770527	0.0893856	0.109095	0.000214911	0.000292095	0.00111549
0.0552393	0.112831	0.123344	-0.000194088	-7.54987e-05	0.00106578
0.0709793	0.0818092	0.140783	0.000379022	0.000366863	0.00092498
0.0607205	0.119361	0.148703	-0.000609684	-7.54987e-05	0.00118831
0.0735145	0.101134	0.154432	0.000114027	0.000406252	0.0010079
0.073577	0.117912	0.149426	-7.86851e-05	5.96305e-05	0.00113787
0.05712	0.0818108	0.157365	0.000140597	0.000127413	0.00110148
0.0570653	0.113895	0.122499	-0.000236692	0.000374297	0.00105862
0.0519133	0.0906553	0.141261	0.000101933	0.000251936	0.000671596
0.0531329	0.0933308	0.148514	0.000238703	0.000260514	0.000670799
0.0371455	0.120206	0.159708	1.11933e-05	-7.54988e-05	0.000932556
0.0589062	0.0909015	0.141296	0.000362948	8.47515e-05	0.000742968
0.0565536	0.114639	0.159968	-0.000431321	1.50745e-05	0.000932556
0.0600092	0.0818424	0.141254	0.000639691	0.000224269	0.00067907
0.0424169	0.126644	0.113993	-9.80422e-05	4.11854e-05	0.000522625
0.0540122	0.0818603	0.130447	0.000544731	0.000545775	0.000521902
0.0441516	0.123269	0.121043	-0.000114947	0.000463294	0.000511312
0.0521424	0.0917639	0.135995	0.000446358	0.000344752	0.00032816
0.0442258	0.136229	0.135401	-0.000561731	0.000118896	0.000557645
0.0564632	0.0716752	0.124153	0.000488562	0.000544018	0.000506245
0.0512806	0.133735	0.141675	-0.000353185	0.000462872	0.000522394
0.0504196	0.101417	0.141394	-4.48507e-05	0.000324813	0.000576553
0.0638416	0.0908002	0.0925055	0.000485773	0.000114843	0.000609483
0.0937988	0.0431529	0.0391535	0.0024956	-7.54988e-05	0.00156189
0.0744476	0.125645	0.137463	0.00151578	-7.54988e-05	0.000932556
0.0743631	0.105026	0.184535	0.000684284	0.000273732	0.000932556
0.0744083	0.0989424	0.148901	0.000813822	0.000124079	0.000932556
0.0744476	0.195309	0.25193	0.000237709	-7.54988e-05	0.000932556
0.0930886	0.180481	0.198122	0.000792456	2.55167e-05	0.0010829
0.0878469	0.123691	0.152611	0.000601097	6.50717e-05	0.0015839
