-0.0206803	0.0305017	0.0502798	-0.00115141	-0.00101805	0
-0.0207	-0.081838	0.0396884	-0.00036022	-0.000603049	2.64698e-23
-0.0206894	0.0440015	0.050319	-0.000867588	-0.000603049	0.000249324
-0.0207	-0.0320398	0.0594774	-0.000148309	-0.000603049	1.32349e-23
-0.0184355	0.0553147	0.0641808	-0.00101325	-0.000417725	0
-0.0133203	-0.0219391	0.0849799	-0.000606157	-0.000494703	0.000270046
-0.0206048	0.0336331	0.0475835	-0.00105515	-0.000392282	0.000273718
-0.0116027	-0.0372525	0.0635364	-0.000466625	-0.000445675	0.000463067
-0.0107102	0.0736499	0.0531395	-0.00098169	-0.000445675	0.000384415
-0.00577035	-0.0533647	0.0563806	-9.81072e-05	-0.00033998	0.00050039
-0.00290492	0.0742689	0.0968426	-0.000995121	-0.000383073	0.000381864
-0.00323691	-0.0628337	0.0837412	-0.000433511	-0.000196924	0.000333024
-0.0148153	0.0849029	0.0969796	-0.00180584	-0.00033947	0.000408535
-0.0237185	-0.178578	-0.00857848	0.0016108	-0.00147943	-0.000271247
-0.0232828	-0.00643653	-0.0124156	8.44442e-05	-0.00126928	-0.00014532
-0.0163207	-0.12841	-0.0383841	0.000938788	-0.000519053	-0.000354087
-0.00203483	0.0273591	0.0176946	-0.000290496	-0.000646729	0.000117719
-0.0018694	-0.0938061	0.0123339	0.00073203	-0.000369939	9.6704e-05
-0.00912877	0.0277924	0.0426263	-0.000189115	-0.000233133	6.61417e-05
-0.00456634	-0.0901824	0.0311984	0.000446947	-4.44793e-05	-0.000104413
0.00501296	-0.000804994	-0.0254574	-0.000229251	-0.000249321	9.13263e-05
-0.0104339	-0.0541135	0.00846137	0.00039539	6.79313e-07	-0.000354087
0.00406891	-0.0655926	-0.0338116	0.000500294	0.000368143	3.08913e-05
-0.00822114	0.0268324	0.0228035	-0.00014387	-4.85783e-05	3.25516e-05
-0.000187701	-0.101925	-0.0230533	0.000688969	0.000538721	-0.000132757
-0.0104206	0.0309111	0.0240608	-3.15206e-06	0.000378966	-0.000354087
-0.000175007	-0.0769888	-0.0164559	0.000474053	0.000526013	-0.000354087
-0.010388	0.0515351	0.0496191	-0.000619289	0.000115952	-0.000354087
0.00328021	-0.0674719	-0.00246379	0.00013194	0.000699155	-0.000227425
-0.0103743	0.033027	0.0492682	-0.000583489	0.000253521	-0.000354087
0.00189019	-0.0939999	-0.0011821	0.000690495	0.000253521	-0.000354087
-0.0103743	0.0132386	0.027696	-0.000606021	0.000253521	-0.000354087
0.00309469	-0.0979141	-0.0105156	0.000573918	0.000706943	-0.000177565
-0.00634959	0.036564	0.0244617	-0.000402034	0.000280595	-0.000354087
0.00531327	-0.0613037	0.00104795	0.000207003	0.000705762	-0.000354087
-0.00602143	0.0161233	0.0131968	-0.000268175	0.000310909	-0.000354087
-0.00263786	-0.0654544	0.00603872	0.000267003	0.000658783	-0.000171148
-0.00557829	0.0224886	-0.00204066	-0.000419561	0.00022971	-0.000119778
-0.00656005	-0.0730098	-0.00334232	5.65832e-05	0.000224753	-0.000127089
0.00389442	0.0134767	-0.0140857	-0.000240694	0.000381202	-0.000159119
-0.00476903	-0.0707544	0.00547089	-2.31263e-05	0.000349054	-7.45014e-05
0.00521658	0.0216238	0.00545947	-0.000612845	0.000405939	-0.000354087
-0.0163454	-0.040628	0.0305208	-8.19101e-05	-8.42392e-05	-6.94077e-05
-0.0022298	-0.0596011	-0.00953442	0.000150317	0.000567992	-0.000109878
-0.0148656	0.0134604	0.0195634	-0.000667704	0.000111086	-7.15761e-05
0.00271023	-0.0786852	-0.0115176	0.000183554	0.000635191	-0.00023858
-0.0118082	0.0377558	0.0274179	-0.00064135	0.000216449	-0.000180596
-0.0136229	-0.0675367	-0.0165854	0.000201359	0.000438392	-0.000354087
-0.0136291	0.0267205	0.00825094	-0.00088103	0.000216449	-0.000148619
-0.00123627	-0.106601	-0.0517216	9.42957e-05	0.000329252	-8.23093e-05
-0.0136255	0.0482748	-0.0186967	-0.000330388	-0.000248702	5.20836e-05
0.00733274	-0.0680621	-0.0437827	8.83529e-05	0.000216449	-3.18349e-05
0.00623697	0.0105411	-0.00992864	-0.000938324	-0.0002309	8.67349e-05
0.000536371	-0.0966328	-0.0251227	8.73777e-05	0.000216449	-3.18349e-05
-0.00672686	0.00422438	-0.022281	-0.000769467	-0.000265884	-3.18349e-05
-0.00509845	-0.0893807	-0.0274022	-0.000271668	9.66389e-05	0.000199985
-0.00787831	0.0102108	-0.0173296	-0.000938645	7.11698e-05	0.000148699
-0.0137526	-0.0784601	0.0232206	-0.000188191	0.000240869	-3.18349e-05
-0.00540047	-0.0155273	0.00867759	-0.000980335	0.000155682	-3.18349e-05
-0.0118763	-0.0652205	0.0284153	-0.000271668	6.3215e-05	-3.18349e-05
-0.00686453	0.00237577	0.0119054	-0.000958192	0.000181611	-3.18349e-05
-0.0109694	-0.0850104	0.0116013	-0.000385569	0.000376786	-3.18349e-05
-0.0109717	0.0230654	0.0134547	-0.000793373	0.000237466	2.75855e-05
-0.003834	-0.107477	-0.0284397	4.00465e-05	0.000510818	-3.18349e-05
-0.0109645	0.0377517	0.0154241	-0.00100337	0.000237466	0.000133343
0.000243978	-0.0933606	-0.0137398	8.15685e-05	0.00058532	2.53287e-05
-0.0131825	0.0431127	0.0275745	-0.000778161	8.27229e-05	-3.18349e-05
0.00519567	-0.120505	-0.0211478	4.84465e-05	0.000539739	-0.000123631
-0.0108395	0.0448993	0.0199732	-0.000878123	-0.000142786	-9.66637e-06
0.00345657	-0.0860736	-0.0451906	-0.000120815	0.000445939	2.60837e-05
-0.0107749	0.0119206	0.00622088	-0.000894192	0.000157485	2.60837e-05
0.00374334	-0.0597685	-0.0479368	-6.53622e-05	0.000576062	-0.000202632
-0.0107223	-0.00709819	0.00857292	-0.000589584	0.000258746	-2.22853e-05
0.00152764	-0.0151019	-0.0298486	-0.000554386	0.000325394	-8.03543e-05
-0.0106574	-0.0519809	-0.00525462	-0.000419276	0.000466896	-8.69715e-05
-0.0107001	0.00805658	-0.0301338	-0.000643512	0.000338076	-2.323e-05
-0.0107268	-0.0864531	-0.0317509	-0.000145897	0.000370151	-3.24988e-05
-0.0106911	0.0509032	-0.0112724	-0.000691511	0.000370151	-1.7083e-05
-0.00154658	-0.102917	-0.0338112	0.000351131	0.000896828	-0.000131478
-0.0106578	0.059259	0.0261644	-0.000629696	0.000185788	-0.000239605
0.00786071	-0.0875525	-0.0374565	0.000179175	0.000792618	-0.000293786
-0.0106122	0.0298328	0.0197586	-0.000958917	0.000310128	-0.000126262
0.00340264	-0.112604	-0.0402956	0.000214789	0.000792618	-9.4413e-05
-0.0137044	0.0327128	0.00992446	-0.000772197	0.000173561	8.80711e-05
0.00748347	-0.0639178	-0.039447	-7.54854e-05	0.000861862	-0.000293786
-0.0123004	-0.0207229	0.00992992	-0.000522827	0.000301951	2.34142e-05
-0.00145181	-0.0164693	-0.0341988	-0.000438809	0.000301951	-8.97271e-06
-0.0125409	-0.0330607	0.0200308	-0.000489282	0.000301951	-8.62169e-05
0.00421267	-0.0153275	-0.0271899	-0.000361722	0.000472253	2.78357e-05
-0.00752299	-0.0429984	-0.00168815	-0.000204521	0.000620095	2.95632e-05
0.0108209	-0.064336	-0.0447394	-0.000114337	0.000696794	3.70365e-05
-0.0110465	0.0213791	0.0321383	-0.00106848	0.000283339	-2.33598e-05
0.00522622	-0.0451636	-0.0280298	-0.00039471	0.000516317	-0.00020485
-0.00231911	-0.0720508	-0.00691903	-0.000141087	0.000677352	4.28612e-05
-0.00507952	0.0253343	0.00572809	-0.000974459	0.000300065	-3.03303e-05
-0.0105243	-0.0962621	-0.0260405	-9.89676e-06	0.00051622	-0.00020485
-0.0128392	0.0295758	0.0126743	-0.000824031	0.000248076	-0.00020485
-0.00380236	-0.0948483	-0.0283643	0.000516845	0.000786117	2.89582e-05
-0.00557585	0.0106522	-0.0109027	-0.00077355	0.000362743	9.40971e-06
-0.00146537	-0.0706809	-0.00494023	-0.000334518	0.000649548	5.63542e-05
-0.00228674	0.0173222	-0.0301921	-0.00052355	0.000619035	2.43686e-05
-0.0128171	-0.0583881	-0.0308549	5.81761e-05	0.000518355	6.45354e-05
-0.00357993	-0.0252297	-0.0565334	-3.34199e-05	0.000801282	-4.81485e-05
-0.00715717	-0.050176	-0.0241387	3.04103e-05	0.000377971	7.18411e-05
-0.00714503	0.011828	-0.0409249	-0.000409282	0.000390347	-9.16055e-05
-0.00714539	-0.0952237	-0.0371389	0.000141766	0.00079132	-3.08993e-05
-0.00712175	0.0453881	-0.00854183	-0.000460953	0.00079132	-0.000235247
-0.00228168	-0.126524	-0.0703338	0.000247344	0.00079132	-4.1086e-05
-0.00710338	0.0485033	0.011944	-0.000616266	-9.91943e-05	0.000126476
0.00457969	-0.0705435	-0.0632537	-0.000156814	0.000480887	-2.09426e-05
-0.0058279	-0.047276	-0.0257682	5.74793e-05	0.000529389	7.25707e-05
0.0116195	-0.00754162	-0.037522	-0.000465773	0.000316123	7.25708e-05
-0.00228215	-0.116149	-0.0314222	0.000256698	0.000751105	7.25708e-05
-0.00518442	0.0200891	-0.00679411	-0.000560823	0.000237427	7.25708e-05
-0.000693917	-0.122805	-0.0422508	0.000391656	0.000751106	7.25708e-05
-0.00518839	0.0429264	0.00574667	-0.00090776	0.00013717	0.000128756
0.00604356	-0.105553	-0.0629683	0.000214537	0.000802942	-3.91403e-05
-0.0127876	0.0074607	-0.00479145	-0.000710975	0.000383055	0.000170243
-0.0050094	-0.0946603	-0.0576008	0.000276674	0.000501905	3.01542e-05
-0.00502243	0.0221294	-0.0164053	-0.000897189	0.000383055	0.000112534
0.00407628	-0.116767	-0.0718026	0.000385372	0.000663523	4.12826e-05
-0.00488878	0.0286242	-0.0241792	-0.000670942	0.000319186	0.00041182
0.00654948	-0.0909939	-0.0505225	0.000395509	0.000704785	6.71095e-05
-0.00489251	0.0114882	-0.0151841	-0.00102172	0.00048675	9.16384e-06
-0.00494312	-0.106866	-0.0445822	0.000376042	0.000639166	3.2796e-05
-0.0119565	0.0307462	-0.0009095	-0.000851547	0.000227601	0.000104752
0.00408215	-0.12654	-0.0689326	5.5619e-05	0.000639166	6.12174e-05
-0.00978397	0.0228826	-0.0104573	-0.000704115	0.00012883	0.000258791
-0.00482007	-0.105684	-0.0660733	-1.50081e-06	0.000639166	0.000132617
-0.0092015	-0.0223164	-0.0039324	-0.00154594	4.56006e-05	0.000345237
-0.0484022	-0.0428749	-0.00724839	-0.00230001	-0.0017862	-0.000106824
-0.0261605	-0.0902365	0.00285722	-0.00239368	-0.00143291	-0.000167782
-0.0305031	-0.0063877	-0.0155522	-0.00265609	-0.00124049	-9.59309e-05
-0.0148304	-0.130487	-0.00462295	-0.00189079	-0.00105492	0.000198595
-0.0177705	0.0243749	0.0271539	-0.00221553	-0.00122626	0.000281315
-0.00972397	-0.0995121	0.0355138	-0.00184593	-0.000779616	0.00031849
-0.0106799	0.022631	0.0225863	-0.00256566	-0.00116371	0.0003433
-0.0112026	-0.123457	-6.65394e-05	-0.00189755	-0.000752966	0.000178378
-0.0178794	0.0123072	0.00985421	-0.00258064	-0.00073581	0.000280492
-0.0127967	-0.158973	-0.0625301	-0.00162949	-0.000330344	-0.000204085
-0.0211396	0.0245508	0.016208	-0.00246123	-0.00122679	0.000405663
-0.0176503	-0.099516	-0.0324364	-0.00195364	-0.000553335	0.000291615
-0.0175711	-0.0422623	0.0257685	-0.00259059	-0.00107887	0.000291615
-0.0356629	0.114052	0.0580008	-0.00341475	-0.00120333	0.000291616
-0.0109536	-0.213733	-0.0928715	-0.00142804	-0.00049132	-0.000109915
-0.0109854	-0.156145	-0.0360967	-0.00174869	-0.000467709	9.89369e-05
-0.0109363	-0.0345377	-0.0387437	-0.00238436	-0.000775875	-0.000109915
-0.0210071	-0.120596	-0.0216616	-0.00200471	-0.000467709	0.000219638
-0.0109453	-0.0202165	-0.0252243	-0.00266454	-0.000873776	0.000221459
-0.00237858	-0.107241	-0.0171326	-0.00230545	-0.000467709	0.000355183
-0.00251552	-0.0336811	-0.037996	-0.00230545	-0.000467709	0.000379457
-0.0195439	-0.074822	0.0139282	-0.00228614	-0.000570179	0.00040639
