0.0348307	0.00249073	0.0319814	-0.0016255	0	0
0.0381443	0.00891609	0.0502731	-0.000975351	0	0.000331144
0.0185763	0.0190351	0.0472712	-0.0012297	7.76243e-05	0
0.0111823	0.0108021	0.0464235	-0.000934003	0	0
0.011144	0.0172786	0.0644552	-0.00125849	0.000370039	0
0.00858071	0.0448542	0.0971476	-0.00124388	0	0
-0.00680068	0.0271649	0.100458	-0.00103876	0	0
-0.00679286	-0.00361428	0.0811045	-0.000846221	-0.000103306	-1.32349e-23
0.0156207	0.0326144	0.0746886	-0.00146746	0	0
0.0276329	0.0368251	0.103435	-0.00106337	0	0
-0.0125483	0.0166349	0.0313573	-0.00138244	0	-0.000104425
-0.0615077	-0.151762	-0.190383	0.00034357	-0.00114708	-0.00103531
-0.0386315	-0.0194414	-0.0175323	-0.000312919	-0.00068225	-0.000583291
-0.0180238	0.0447474	0.05899	-0.00118811	-0.00068225	-5.33333e-05
-0.0155503	0.0210174	0.0307636	-0.000767547	-0.000183709	-0.000150484
-0.00354514	0.0188916	0.0320601	-0.000325171	-2.26393e-05	1.62734e-07
-0.00245671	0.00519111	0.00611398	-0.00039857	-0.000383112	0.000140737
0.00742416	0.052145	0.0409976	-0.000584568	-4.64641e-06	0.000169075
0.0206908	0.0139962	0.0416398	-0.000162245	0.000333146	0.000264174
-0.00200704	0.0239407	0.030548	-0.000307479	-2.59611e-05	-1.76073e-05
0.000258417	0.00150672	0.0103254	-7.78693e-05	0.000186299	-0.000108089
-0.00754277	0.0482305	0.0239001	-0.000634183	0.000186299	-0.000124572
-0.0202874	0.0181153	0.0695692	-0.000365621	-0.000261558	-0.000332864
-0.028122	0.0313102	0.0563773	-0.000501509	-0.000329671	-0.000332864
-0.0210939	0.0264057	0.0296042	-0.000196835	-0.000323716	1.21807e-05
-0.00941851	0.0258724	0.0398285	-0.000278787	1.65204e-05	-0.00010279
-0.0128921	0.0278746	0.0434849	-0.000831283	0.000186299	-0.00010279
-0.0109689	0.0127014	0.0223432	-0.000390711	-0.000328815	-0.00010279
-0.011282	-0.00695429	0.00271097	-0.000241825	-0.00019089	-0.00010279
0.00316174	-0.00857269	-0.00400354	-6.14067e-05	-0.000259752	0.000382732
0.00315377	0.014637	-0.0709094	-0.00049903	-0.000239416	0.00027852
0.022464	0.0412559	-0.0572705	0.00302702	0.000186299	5.51693e-05
0.0163806	0.0355698	-0.0022724	0.00295149	0.000186299	-0.000441259
0.00273547	-0.227117	-0.147645	-0.00302711	-0.000722953	8.55353e-05
0.0446615	0.00842044	0.0800378	-0.00279505	0.000210905	0.000616773
0.0303561	-0.146235	-0.129558	-0.000531085	-0.000612498	0.000211634
0.0445651	-0.0701197	-0.113136	-0.000442812	-0.000612498	0.00051455
0.0248661	-0.0327505	-0.130783	-0.000563179	-0.000201855	0.000580082
0.0260096	-0.0724668	-0.107877	-0.000275868	0.00015086	0.000572507
0.0180765	-0.000731474	-0.0756232	-0.00074286	0.000402841	0.000547928
0.0246293	-0.00119544	-0.0236944	-0.00120376	0.000949907	0.000531513
0.0463266	0.0243936	-0.0105066	-0.00120039	0.00188176	0.00101601
0.0523363	-0.0565956	-0.052672	-0.000442361	0.00221312	0.00118224
0.0612154	0.00545274	-0.0761083	9.5074e-05	0.00326597	0.00168939
0.0360054	0.000784533	-0.0626901	-0.000141767	0.00319656	0.00118224
0.0446523	-0.0228433	-0.0350114	-0.000103583	0.00319656	0.00162973
0.0373387	0.123271	0.0459089	-0.000219608	0.00419334	0.000517767
-0.0352252	-0.247938	-0.441411	0.00320263	0.00140547	-0.000952496
-0.118392	-0.114894	-0.284881	0.00156145	0.000347478	-0.00186055
-0.120272	-0.107119	-0.233309	0.00166114	0.000121596	-0.00184631
-0.0750297	-0.0572586	-0.181055	0.00166472	0.00113248	-0.0011888
-0.0590083	-0.117546	-0.23839	0.00198634	0.00141172	-0.0011888
-0.0662165	-0.131891	-0.282158	0.00146945	0.0011805	-0.0011888
-0.045975	0.328486	0.384767	0.00177128	0.00207473	-0.000276624
-0.0299023	0.331532	0.493275	0.00420188	0.00339411	6.98677e-05
-0.0599918	-0.212265	-0.333615	0.00353694	0.000541627	-0.000611993
-0.0375011	-0.0467703	-0.243879	0.00298168	0.00154066	-0.000656171
-0.035116	-0.0709382	-0.253438	0.00360799	0.00181248	-0.000699282
-0.0374875	-0.0640285	-0.286699	0.00355916	0.00153411	-0.000699282
-0.0465088	-0.0710335	-0.297945	0.00400674	0.00173846	-0.000699282
-0.0552895	-0.00566132	-0.239582	0.00357675	0.00181248	-0.000699282
-0.0553886	-0.0547202	-0.25747	0.00372233	0.00137633	-0.00104212
-0.0481079	-0.0773324	-0.264924	0.00347259	0.00133722	-0.000699282
-0.0290801	0.125536	-0.0399854	0.00272839	0.00223777	-0.00036313
-0.0283604	0.0539642	-0.0833522	0.00302321	0.00212748	-0.000352564
-0.0425485	-0.00874525	-0.141685	0.00331829	0.00142191	-0.000699282
-0.0452449	0.270429	0.187644	0.00227504	0.00150513	0.000160368
-0.0356069	0.144394	0.0458708	0.0034153	0.0015911	0.000130739
-0.0488256	0.0254541	-0.0612073	0.00318152	0.0010952	-0.000334518
-0.0633056	0.0543347	-0.0925235	0.00350195	0.0010952	-0.00102309
-0.0955805	0.105468	0.000443635	0.00318633	0.000860986	-0.00125427
-0.126053	0.00818081	-0.132395	0.00415448	0.00033241	-0.00214263
-0.0931311	-0.0351065	-0.200535	0.00469453	0.00140483	-0.00126536
-0.0192789	0.0246225	-0.136525	0.00394553	0.00322223	0.000520043
-0.0342038	0.127795	-0.00187863	0.00379773	0.00274174	0.000907413
-0.0891509	0.115215	0.031635	0.00307259	0.00180233	-0.000981734
-0.0900322	0.222637	0.1335	0.00233647	0.00117205	-0.000981734
-0.0762863	0.0946727	0.0669741	0.00226683	0.00117205	-0.000981734
-0.0755283	0.0733071	0.0121235	0.0026592	0.00117205	-0.000814319
-0.077445	0.111808	0.0123756	0.00266251	0.00090664	-0.000880475
-0.0908826	0.0985619	-0.0310815	0.00280024	0.000397957	-0.000981734
-0.102637	0.100854	-0.00164064	0.00273386	0.000637789	-0.000981734
-0.110404	0.0527615	-0.074702	0.0024885	0.000187745	-0.000981734
-0.102678	0.0304504	-0.0712247	0.00258469	0.000287532	-0.000981734
-0.0961161	0.147155	-0.00109773	0.00247395	0.000682742	-0.000906361
-0.102623	0.0847855	0.0204606	0.00269558	0.000536433	-0.000981734
-0.100346	0.0421694	-0.0729711	0.00297942	0.000817047	-0.00117715
-0.102679	0.0380186	-0.0961552	0.00301486	0.000381448	-0.00127193
-0.110263	0.0986003	-0.0296988	0.00276593	0.000341119	-0.000981734
-0.118822	0.0924699	-0.0457886	0.00324794	-3.23179e-05	-0.00124809
-0.118822	0.0532589	-0.0778669	0.00305442	0.000239626	-0.00110037
-0.0939445	0.104151	-0.0421915	0.00288318	0.000791936	-0.00118826
-0.0875183	0.126349	-0.00115087	0.00305942	0.000899658	-0.00110037
-0.0961297	0.184382	0.0570011	0.00363739	0.00100133	-0.00110037
-0.118826	0.102522	0.0155181	0.00325534	0.000152361	-0.00127065
-0.112526	0.114407	-0.0117816	0.00324516	9.25174e-05	-0.00110037
-0.0976316	0.104886	-0.029772	0.00373539	0.00020458	-0.000971697
-0.0525847	0.138008	-0.0249401	0.00311774	0.00146417	0.000184045
-0.117232	0.130267	-0.00702889	0.00189901	-3.20858e-06	-0.00158697
-0.0996149	0.122518	-0.00183445	0.00214088	0.000155499	-0.000987781
-0.12498	0.0952243	-0.0282957	0.00314704	-0.000127408	-0.00130611
-0.124956	0.182866	0.060896	0.00209962	0.000452552	-0.00146855
-0.124981	0.0294438	-0.0983252	0.00309716	0.000140836	-0.00175079
-0.138435	-0.0573129	-0.238148	0.00327687	0.00020879	-0.00239191
-0.203001	0.0452649	-0.141042	0.00308127	-3.34849e-05	-0.00299631
-0.182697	0.0739843	-0.0607241	0.003152	-0.000203872	-0.00240714
-0.161822	0.0396443	-0.106062	0.00314866	-6.60282e-05	-0.00213677
-0.142977	0.00803772	-0.121605	0.00323593	0.000288007	-0.00214861
-0.134789	0.0700616	-0.0821744	0.00262411	0.000288007	-0.00185422
-0.137904	0.0549171	-0.063314	0.00286113	0.000288007	-0.00186805
-0.135028	0.0367741	-0.107007	0.00289663	0.000187753	-0.00190224
-0.111648	0.0573867	-0.087575	0.00309268	0.000272182	-0.00156464
-0.125263	0.0760588	-0.0726441	0.00272163	0.000432266	-0.00146423
-0.111626	0.055068	-0.0751464	0.00281573	0.00028377	-0.00150397
-0.119015	0.0432969	-0.106677	0.00306573	0.000447412	-0.00147615
-0.11164	0.0247099	-0.124762	0.00317075	0.000390487	-0.00154299
-0.111639	0.0540017	-0.113357	0.00294713	0.000439211	-0.00152365
-0.12433	0.0477242	-0.101813	0.00322891	0.0002983	-0.00160294
-0.125814	0.0322789	-0.116069	0.00294375	9.96696e-05	-0.0016633
-0.119055	0.0206749	-0.120923	0.00343962	0.000298467	-0.00164814
-0.115785	0.0431328	-0.133128	0.00290219	0.00031585	-0.0016084
-0.111629	0.0608201	-0.0905154	0.00319941	0.000454961	-0.00157169
-0.130905	0.0413907	-0.116143	0.00352014	0.00020404	-0.00171764
-0.142871	0.0449869	-0.0904479	0.00308937	0.000243777	-0.00179884
-0.222121	0.105121	-0.140196	0.00537026	0.00316312	0.000259832
-0.184758	0.064855	-0.155139	0.0044988	0.000184955	-0.000611319
-0.178291	0.0272385	-0.156856	0.00362595	-0.000300195	-0.000997066
-0.163015	0.0137963	-0.132951	0.00311147	-0.000368389	-0.000777742
-0.165831	0.0943506	-0.0844003	0.00283754	-0.000455329	-0.000505382
-0.147154	0.0292476	-0.115509	0.00353503	-0.000220478	-0.000492627
-0.158734	0.0332645	-0.107571	0.00344452	-0.00024239	-0.00090706
-0.158707	0.0524052	-0.105539	0.00348176	-0.000241494	-0.000860654
-0.160903	0.0934874	-0.0740568	0.00318865	-0.000229324	-0.000796179
-0.170764	0.178763	0.00780405	0.00370713	-0.000233712	-0.000645321
-0.138742	0.0700846	-0.12305	0.00489143	-0.000317487	-0.000545624
-0.176126	-0.0506827	-0.233763	0.00573679	-0.00121132	-0.0015844
-0.143536	0.0707968	-0.136614	0.00351727	-0.000488576	-0.00117291
-0.131624	0.0390757	-0.109432	0.00354275	-7.25854e-05	-0.000989396
-0.138881	0.0739737	-0.0887575	0.00300125	-0.000427505	-0.0013903
-0.141508	0.0765651	-0.0593833	0.00305232	-0.000395148	-0.00110935
-0.155888	0.0357007	-0.116853	0.00400599	-0.000357076	-0.00136716
-0.25162	0.375914	-0.327311	0.0220354	0.000502175	-0.00234132
-0.210847	0.276046	-0.363821	0.0203905	0.000436273	-0.00198109
-0.169495	0.122129	-0.293613	0.0117582	0.000263918	-0.00149109
-0.151619	0.0942146	-0.350791	0.0113767	0.000506762	-0.00158633
-0.128606	0.0795092	-0.312592	0.0093978	0.000253571	-0.0013994
-0.108957	0.0405431	-0.334428	0.009401	0.000590712	-0.00123122
-0.107374	0.0799649	-0.310452	0.00844902	0.00094946	-0.00114175
-0.105645	0.0527322	-0.312803	0.00887891	0.00094946	-0.00114175
-0.108047	0.0022019	-0.342104	0.00816345	0.00063764	-0.001165
-0.109933	0.0414945	-0.315438	0.00765196	0.000460592	-0.00108542
-0.104779	0.0635972	-0.278719	0.00736598	0.000501756	-0.000675383
