-0.0152094	-0.0278349	0.0288562	-0.00100008	-0.00107532	0.00117576
-0.0109501	-0.0209561	0.00377732	-0.00103665	-0.00156497	0.00117576
0.000861296	0.0043156	0.0130931	-0.00091108	-0.00162505	0.00117576
0.00159723	-0.0154237	-0.00350065	-0.000543743	-0.00162505	0.00117576
0.0215958	0.0319549	0.0413332	-0.00126094	-0.00106865	0.00117576
0.00715004	-0.0335032	0.00234117	-0.000642373	-0.00162505	0.00123066
0.0278373	0.017084	-0.00132584	-0.000595945	-0.00142857	0.00117576
0.0278083	-0.0168862	-0.0229397	-0.000219804	-0.00144885	0.00145135
0.0343308	-0.00258295	-0.0251425	0.000179939	-0.00128061	0.00162234
0.033206	0.017244	-0.0230441	-0.00076709	-0.00108837	0.00127721
0.0195571	-0.0319043	-0.0390799	-0.000136117	-0.00125816	0.00117576
0.013272	-0.000837622	-0.0477152	-0.000182128	-0.00121309	0.000963993
0.00715313	-0.00645762	-0.0317099	-0.000251832	-0.00127738	0.00076078
0.0058382	-0.0254615	-0.041622	-0.000357849	-0.00118487	0.00076078
0.0132825	0.0205627	-0.00158565	-0.000491934	-0.000987669	0.00076078
-0.0120915	-0.0254746	-0.0139556	1.69059e-05	-0.000603136	0.000206614
-0.0219433	0.00330685	-0.0134237	-0.000409406	-9.29965e-05	-0.000316033
-0.0178614	-0.00358737	-0.0361538	0.000279829	-0.000158351	-0.000223062
-0.0187075	-0.034742	-0.0665294	0.000932	-0.000161781	-0.000200243
-0.0100075	0.0138654	-0.0271215	0.000498816	-0.000253094	-0.000146545
-0.000853457	-0.00390448	0.00286325	0.000253363	-0.000195552	0.000102167
-0.00254915	-0.0231635	-0.0188121	0.00040338	-0.000154107	0.000206614
0.000431015	0.0243354	-0.00646926	-1.31993e-05	7.08445e-05	-1.34327e-05
0.000448759	-0.0199437	-0.0225165	0.000638518	-9.80352e-05	7.44258e-05
0.000463183	-0.0104798	-0.0296454	0.000271307	2.99422e-05	-6.39973e-05
0.0132579	0.0210834	-0.00102496	-5.79441e-05	0.000368093	-0.000134358
0.000430173	-0.0253693	-0.0160786	0.0005465	0.000306352	-0.000128593
0.000415612	0.00643955	-0.0175579	-0.000142241	0.000306352	0.000206614
0.0327059	0.0229696	0.00814859	-0.000373064	0.000417194	0.000206614
0.0228165	-0.0119201	-0.0108914	0.000400149	0.000151862	0.000206614
0.0267462	0.0385216	0.00515278	-0.000504028	0.000451168	0.000206614
0.0303473	0.0272159	0.0300028	-0.00076666	0.00050828	4.97904e-05
0.0129248	-0.0155023	-0.00905532	-0.000530043	0.000306352	-0.000136354
0.03635	0.0428737	0.0104399	-0.000827129	0.000876177	-0.000280225
0.0315996	0.00607945	0.00637068	-0.000661265	0.000845289	-0.000280225
0.0248898	0.0188761	-0.00928556	-0.000683284	0.000958438	-0.000164721
0.0574318	0.113743	0.0865084	-0.00185147	0.000379737	0.000456222
0.0575132	-0.010021	0.0110809	-0.00185307	0.000306352	0.000846965
0.0634668	0.0469702	0.0132037	-0.00180838	0.000739014	0.000553479
0.0295805	-0.00663854	0.0062284	-0.000967376	0.000841968	0.000301206
0.0372326	0.0350265	0.0215025	-0.00157918	0.00101929	0.000213708
0.0538246	0.0379081	0.0491708	-0.002028	0.000822901	0.000301206
0.0320606	-0.00208391	0.038591	-0.00208219	0.00072089	0.000301206
0.0546498	0.0470662	0.0611831	-0.00272675	0.000671917	0.000301206
0.0540558	0.0169526	0.0465801	-0.00244022	0.000861526	0.000143343
0.033991	0.0119856	0.0397291	-0.0027422	0.000524966	-0.000135142
0.0554554	0.0512538	0.0715014	-0.00283756	0.000761605	-0.000256734
0.0466537	0.0103162	0.0701853	-0.00265742	0.000742423	-0.000397671
0.0554263	0.0601847	0.087152	-0.00303289	0.00110764	-0.000256734
0.0524123	0.0383454	0.0927191	-0.00286555	0.00113083	-0.000532039
0.0497265	0.0414174	0.0945444	-0.00346652	0.00116019	-0.000557614
0.0630501	0.0896382	0.144518	-0.00421688	0.00131751	-0.000710548
0.0503701	0.0092759	0.110674	-0.00347583	0.00131751	-0.000703384
0.0659232	0.0897607	0.110676	-0.00328679	0.00131751	-0.000703384
0.0585578	0.0334697	0.0888026	-0.00263395	0.00114574	-0.00109069
0.0733351	0.0851024	0.11064	-0.00314308	0.00103249	-0.00115458
0.0759316	0.0542236	0.115531	-0.00285888	0.000874038	-0.00115458
0.0525461	0.0388683	0.0917271	-0.00219074	0.000751895	-0.00115458
0.0783959	0.0823203	0.119066	-0.00213385	0.000153452	-0.00143393
0.0815297	0.0560768	0.124075	-0.00141975	-0.000286979	-0.00115458
0.0886051	0.0816605	0.131568	-0.00173111	-0.000286979	-0.00115458
0.0788493	0.0632402	0.13572	-0.00113376	-0.00028698	-0.00115458
0.0732262	0.0617681	0.114482	-0.000995482	-0.000286979	-0.00115458
0.096389	0.0928141	0.127764	-0.000494867	-0.000286979	-0.00115458
0.0685727	0.0420725	0.10551	0.000101354	0.000113865	-0.00137691
0.0748609	0.115652	0.141291	-0.000591773	-0.000172291	-0.00115458
0.0800505	0.0436828	0.106817	0.000103198	-0.00036763	-0.00115458
0.0995327	0.101009	0.131719	-0.000591773	-0.000154053	-0.00115458
0.10732	0.106163	0.175334	-0.000208206	-0.000135073	-0.00115458
0.0922069	0.0951592	0.172132	-0.000158614	0.000187738	-0.00115458
0.0791602	0.0673299	0.148187	0.000262286	6.84845e-05	-0.00115458
0.0883055	0.107	0.154574	0.000115856	0.00043583	-0.00141972
0.0883854	0.0750146	0.175447	0.000583942	0.000148504	-0.00115458
0.101128	0.287437	0.337808	0.0015993	0.000361355	-0.00104039
0.0148724	-0.133137	0.0939409	0.000265698	-0.00221669	-0.000118598
0.0622818	0.0610914	0.226627	-0.00340427	-0.00258274	0.000332282
0.0268593	-0.00736217	0.148369	-0.00216404	-0.00267632	-9.59054e-05
0.0421287	0.0830018	0.221058	-0.0025877	-0.00214229	-8.11322e-05
0.0273481	0.0133022	0.170473	-0.00225611	-0.00192805	-7.11113e-05
0.0424105	0.0803108	0.19231	-0.0023193	-0.00220548	-2.16018e-05
0.0185337	0.0300939	0.135233	-0.00168057	-0.00214524	-5.51443e-05
0.0368846	0.084729	0.192386	-0.00234701	-0.00213523	-5.51443e-05
0.00588841	0.0316208	0.177699	-0.00211591	-0.00208503	-0.000306888
0.0266852	0.0955596	0.227128	-0.00263277	-0.00185623	-0.000182569
-0.00469517	0.0339168	0.193044	-0.00204102	-0.00185623	-0.000463463
0.0235195	0.114068	0.243531	-0.00238321	-0.00185623	-0.000537137
-0.0106271	0.382816	1.24607	-0.00234773	-8.3231e-05	-0.00230423
-0.101715	1.09646	2.43984	0.00145722	0.000342522	-0.00487537
-0.218411	0.676909	1.74116	-0.000137275	-0.00112151	-0.0034265
-0.262535	0.649847	1.76653	-0.00119808	0.000978327	-0.00392318
-0.295037	0.66257	1.812	-0.00252409	0.00249217	-0.00445253
-0.264288	0.771627	1.9089	-0.00341427	0.00227383	-0.00446366
-0.251111	0.83669	2.17419	-0.00509365	0.00178568	-0.00438375
-0.248257	0.767823	1.93166	-0.00624888	0.00231441	-0.00430567
-0.239162	0.778869	2.0456	-0.00780078	0.00201932	-0.00407346
-0.246906	0.810378	2.08629	-0.0078615	0.00215785	-0.00433198
-0.250126	0.788751	2.10958	-0.00797029	0.00259426	-0.0042867
-0.233559	0.799154	2.13609	-0.00884189	0.00182552	-0.0042507
-0.22549	0.815358	2.14786	-0.00947306	0.00147272	-0.00412287
-0.220402	0.81885	2.14854	-0.0091903	0.00146809	-0.00430471
-0.216955	0.787929	2.16355	-0.00933604	0.000956691	-0.00420098
-0.200694	0.839949	2.21449	-0.0101746	0.00079194	-0.00435477
-0.210592	0.784605	2.20101	-0.00943741	0.000624576	-0.00454925
-0.199388	0.84574	2.1896	-0.0100318	0.000484409	-0.00438359
-0.197874	0.810093	2.19834	-0.00989477	0.000203102	-0.00440127
-0.196006	0.802187	2.1893	-0.00962943	0.000408887	-0.00436494
-0.19104	0.84955	2.24691	-0.010907	0.000458373	-0.00423575
-0.190735	0.787917	2.22764	-0.0104957	0.000159895	-0.0045458
-0.18412	0.830382	2.24275	-0.0114031	-5.00423e-05	-0.00429372
-0.192073	0.829301	2.27578	-0.0114903	-0.000336605	-0.00446661
-0.189269	0.804106	2.26878	-0.01127	-0.000592147	-0.00411239
-0.158863	0.838583	2.30032	-0.0118924	-0.000717081	-0.00399951
-0.133981	0.793003	2.30276	-0.0117024	-0.00130642	-0.00356501
-0.125013	0.821695	2.30078	-0.0121804	-0.001622	-0.00319697
-0.104706	0.838279	2.33672	-0.012358	-0.00157121	-0.00301385
-0.120828	0.804445	2.34844	-0.0119613	-0.00183807	-0.00295562
-0.107899	0.864487	2.36065	-0.0124032	-0.00168496	-0.00317628
-0.115966	0.78896	2.33076	-0.0122881	-0.00193567	-0.00293804
-0.105657	0.815834	2.29555	-0.0123516	-0.00182841	-0.00287898
-0.0742568	0.84259	2.34353	-0.0125734	-0.00139156	-0.00258711
-0.0782414	0.80426	2.34282	-0.0117484	-0.00164156	-0.00255437
-0.0270471	0.877057	2.28661	-0.012223	-0.00119974	-0.00145108
0.0304913	0.676037	1.83457	-0.00963637	-0.000114159	-0.000948793
0.0680681	0.820862	2.10977	-0.0107254	-0.00126102	-0.000293974
0.130631	0.94912	2.18742	-0.00961806	-0.000827769	0.000690645
0.129926	0.889233	2.20738	-0.0102535	-0.00175939	0.000762484
0.160951	0.897907	2.22691	-0.0108759	-0.00210125	0.000806396
0.180259	0.955333	2.26585	-0.0114508	-0.00185936	0.000895327
0.167398	0.889948	2.24873	-0.0110155	-0.00257183	0.000850095
0.18738	0.953132	2.27234	-0.0111076	-0.00285363	0.00137565
0.201195	0.946501	2.27064	-0.0105459	-0.00259096	0.00137565
0.1789	0.910163	2.22598	-0.0098196	-0.00292949	0.00124755
0.205416	0.990405	2.28109	-0.0105389	-0.00270064	0.00137565
0.195625	0.936006	2.28075	-0.0102627	-0.00298478	0.00123759
0.20033	0.966381	2.28101	-0.0104232	-0.00250016	0.00137565
0.209895	0.963275	2.29602	-0.0107208	-0.00273574	0.00137565
0.206557	0.916322	2.28124	-0.0108193	-0.00290128	0.00143145
0.220399	0.984238	2.32225	-0.0114128	-0.0025116	0.00137565
0.212888	0.926402	2.31134	-0.0106888	-0.0026871	0.00137565
0.214872	0.999368	2.34151	-0.0113189	-0.0025875	0.00147251
0.221558	0.973683	2.36207	-0.0114021	-0.0022856	0.00137565
0.222124	0.962478	2.35379	-0.0110849	-0.00238524	0.00137565
0.235321	1.02883	2.36263	-0.0106149	-0.00212379	0.00137565
0.230524	0.991653	2.36623	-0.00997489	-0.00218829	0.00137565
0.241107	1.02289	2.35244	-0.0096856	-0.00276521	0.00142741
0.24779	1.03212	2.39015	-0.00925201	-0.00246985	0.00137565
0.241691	0.998318	2.37456	-0.00876544	-0.00229253	0.00137565
0.241595	1.05978	2.40173	-0.0093341	-0.00207225	0.00120536
0.232971	1.01716	2.39005	-0.00915094	-0.00254566	0.00137565
0.232753	1.03058	2.37463	-0.00942426	-0.00245011	0.00143096
0.232438	1.06725	2.43092	-0.00968968	-0.00221391	0.00137565
0.226306	1.00688	2.43627	-0.00953613	-0.00214625	0.00120962
