0.176362	-0.147027	-0.300532	-0.00108138	0.000753703	0.00133016
0.198235	-0.0516508	-0.231927	-0.00147683	0.0009714	0.00176869
0.160018	-0.05592	-0.190277	-0.00209868	0.000931844	0.00133016
0.140973	-0.0502855	-0.157026	-0.00158677	0.000970985	0.000931223
0.106717	0.0776373	-0.0826261	-0.0016277	0.000380214	0.000916104
0.05971	-0.065058	-0.0955291	-0.00192663	0.00066955	8.93555e-05
0.032062	-0.0529635	-0.0609494	-0.00209868	0.000786828	-6.46797e-05
0.0409404	0.0704017	-0.0235772	-0.00209233	0.000128193	0.000389341
0.0714368	-0.000793225	-0.0591295	-0.00227649	-0.000136373	0.000793464
0.0783858	-0.0424021	-0.06398	-0.00161589	0.000601243	0.000765864
0.0405385	0.0596554	0.00559526	-0.00171525	-0.000229107	0.000670036
0.0422472	0.000976585	-0.0157051	-0.00158836	-0.000450423	0.000904737
0.0258677	-0.00977364	0.0251731	-0.0013282	0.000307719	0.000503699
0.000146144	0.0814188	0.0355482	-0.00154033	-0.000450423	0.000145782
0.0373479	-0.0652618	-0.0179705	-0.00114308	0.000214405	0.000293786
0.040381	0.0453456	0.020604	-0.00113736	0.000380291	6.19161e-05
0.0161056	0.0349008	-0.00613848	-0.000723488	-0.000450423	6.19161e-05
0.0183597	-0.0658222	-0.0225428	-0.000238858	0.000132512	6.19161e-05
-8.39933e-05	0.0951841	0.0323313	-0.000449163	-0.000394452	6.19161e-05
-0.00820609	0.0240233	-0.0204951	-0.000720124	-0.00010628	-4.46198e-05
-0.00820583	0.00140748	0.000658586	-0.000294485	9.46758e-05	6.19161e-05
-0.0281695	0.112551	0.00886542	-0.000213693	-0.000441794	-0.000132033
-0.0135425	-0.0119744	-0.0260701	2.4336e-05	-0.00032395	6.19161e-05
-0.0231286	0.0195272	0.0212589	6.69198e-05	-0.000168825	6.19161e-05
-0.0412713	0.139483	0.0402805	-8.14666e-05	-0.000658061	6.19161e-05
-0.0198966	0.0245616	-0.0276123	-0.000610572	-0.000836291	-8.71073e-05
-0.00261546	-0.0465222	-0.0114429	8.15466e-05	-0.000245383	-0.00017281
-0.0331885	0.103395	0.0260818	0.000259683	-0.000694386	-0.000243507
-0.0177136	0.00450893	0.0138753	0.000599799	-0.000681366	-5.17807e-05
-0.000354984	0.000748326	0.013673	0.000838638	-0.00043783	0.000206029
-0.00383817	0.0772867	0.0348987	0.000794641	-0.000776492	6.19162e-05
-0.00384073	0.0620074	0.00443606	0.000791138	-0.000708298	-1.86732e-05
0.00066738	-0.0194123	0.000914677	0.00106113	-0.000179019	6.19162e-05
-0.019219	0.100531	0.0682839	0.00108644	-0.000418819	-0.000191537
-0.0331164	0.111166	0.0643513	0.000580101	-0.000987581	-0.000198585
-0.0180904	-0.0422583	-0.0118128	0.00133398	-0.000166015	-0.000125705
-0.0176384	0.0462572	0.0369625	0.00139286	-0.000124512	6.19162e-05
-0.0231114	0.139698	0.0343291	0.00112405	-0.000392004	6.19162e-05
-0.00705171	0.0193715	0.00831773	0.00161913	-0.000392005	-1.43881e-05
-0.004755	0.0584415	0.0344469	0.0014805	-7.70209e-05	6.19162e-05
-0.0200287	0.143505	0.0980421	0.00100032	-0.000454672	-0.000244054
-0.0177982	0.0347614	0.066577	0.00128116	-0.000514781	-0.000212467
-0.0208711	0.0787278	0.0949369	0.00122908	-0.000531393	-0.000148162
-0.0288565	0.141681	0.068469	0.00104131	-0.000868276	-0.000338854
-0.0209208	0.0172349	0.0333952	0.00159947	-0.000264046	-0.000338854
-0.0208866	0.0674729	0.0904018	0.00143726	-0.00035702	-0.000176857
-0.0208771	0.0990109	0.0674227	0.00143726	-0.000540276	-0.000338854
-0.0208656	0.0444901	0.0657728	0.00168522	-0.000540276	-0.000118762
-0.0279773	0.135201	0.067167	0.00111349	-0.000778909	-0.000177314
-0.0271961	8.27297e-05	0.0516054	0.00158747	-0.000540276	-0.000338854
-0.0326804	0.100885	0.0997783	0.00164853	-0.000668248	-0.00012535
-0.0241151	0.0803755	0.0637609	0.00156545	-0.000709654	-4.66104e-06
0.000916082	0.0554082	0.0844811	0.00194228	-0.000540276	0.000133805
0.000919883	0.0827468	0.0610567	0.0016444	-0.000540276	2.42928e-05
-0.0114648	0.108416	0.115675	0.00174549	-0.000540276	1.63612e-05
-0.0110139	0.0751698	0.0919405	0.00123295	-0.000540276	1.37524e-05
-0.00979929	0.0955374	0.124114	0.00156201	-0.000540276	-0.000128882
-0.0131212	0.0932284	0.096629	0.00139754	-0.000540276	-0.000156367
-0.0131164	0.126856	0.132995	0.00155032	-0.000540276	-0.000180904
0.00622595	-0.00411276	-0.0369999	0.00728604	-0.000540276	-1.38549e-05
-0.00979779	0.0856441	-0.0259964	0.00483435	-0.000978591	-1.64879e-05
-0.0745768	0.141892	0.00986575	0.00414049	-0.00140297	-0.000626113
-0.0590215	0.0562069	0.00790869	0.00437959	-0.00128668	-0.000741054
-0.0701805	0.185964	0.0967306	0.00376253	-0.00165738	-0.000741054
-0.0702278	0.076932	0.0788175	0.00443588	-0.00113808	-0.000741054
-0.0873158	0.194186	0.119217	0.00400736	-0.00138173	-0.000934004
-0.0894405	0.106572	0.0625108	0.00463757	-0.00110788	-0.0011587
-0.0893494	0.224406	0.137125	0.00399379	-0.0018887	-0.00104879
-0.105484	0.122254	0.0696931	0.00415533	-0.00153089	-0.00145263
-0.105511	0.165158	0.168307	0.00432539	-0.00137785	-0.00167224
-0.14979	0.152494	0.145323	0.00424308	-0.0016423	-0.00167224
-0.133754	0.133058	0.188763	0.00467088	-0.00175027	-0.00167224
-0.153284	0.216444	0.199569	0.00411048	-0.00204422	-0.00174913
-0.106588	0.0866657	0.1422	0.00385684	-0.00180192	-0.0013183
-0.12038	0.245788	0.238122	0.00375244	-0.00192265	-0.00135368
-0.124062	0.108824	0.241197	0.00411965	-0.0015585	-0.00134996
-0.144846	0.226418	0.246661	0.00408328	-0.00193102	-0.00148375
-0.151548	0.133979	0.178279	0.00414523	-0.00169549	-0.0016724
-0.163221	0.220546	0.284217	0.00429638	-0.00193102	-0.00177286
-0.16325	0.168324	0.219826	0.00426478	-0.00193102	-0.00187048
-0.149855	0.171942	0.261756	0.00444379	-0.00193102	-0.00169874
-0.150037	0.173179	0.231504	0.00455144	-0.00162802	-0.00170836
-0.150281	0.238722	0.284057	0.00452888	-0.00193102	-0.0017888
-0.150309	0.20203	0.287136	0.00478148	-0.00170118	-0.00149577
-0.16748	0.234245	0.284843	0.0045055	-0.00193102	-0.00184614
-0.167495	0.200076	0.289706	0.00475201	-0.00193102	-0.00193898
-0.183593	0.294142	0.298498	0.00416066	-0.00193102	-0.00213014
-0.170646	0.143854	0.232006	0.00477512	-0.00193102	-0.00189622
-0.175846	0.273432	0.301009	0.00412255	-0.00193102	-0.00203265
-0.170477	0.184612	0.291179	0.00456291	-0.00193102	-0.00204911
-0.175774	0.285624	0.349665	0.00426209	-0.00225595	-0.00206286
-0.167753	0.171557	0.263691	0.00434595	-0.00200532	-0.00195941
-0.173614	0.273007	0.32792	0.00457922	-0.00214873	-0.0019603
-0.159395	0.206352	0.278537	0.00462547	-0.00214873	-0.00186769
-0.153953	0.240945	0.320155	0.00496561	-0.00220771	-0.00180895
-0.16433	0.242915	0.291789	0.00462607	-0.00214873	-0.00188715
-0.175684	0.245081	0.317075	0.00483667	-0.00214873	-0.00180778
-0.17085	0.288525	0.299821	0.00459345	-0.00230881	-0.001814
-0.152944	0.200218	0.308966	0.00466969	-0.00149548	-0.00184634
-0.172844	0.258096	0.27877	0.0047345	-0.00197319	-0.00188839
-0.175693	0.254069	0.31604	0.0047345	-0.00216748	-0.00184464
-0.175629	0.287353	0.300075	0.00451983	-0.00240625	-0.00188519
-0.155717	0.190488	0.293733	0.00503288	-0.00189244	-0.00181024
-0.159292	0.271183	0.306736	0.0047386	-0.00240625	-0.00193459
-0.158014	0.250468	0.326045	0.00502321	-0.00240625	-0.00177205
-0.173521	0.279737	0.325993	0.00483099	-0.00203477	-0.00191348
-0.173537	0.26608	0.33393	0.0047411	-0.00215815	-0.00196395
-0.17554	0.325505	0.329106	0.00448069	-0.00266706	-0.0018835
-0.163748	0.152281	0.25814	0.00458366	-0.00194381	-0.00195335
-0.172786	0.298459	0.368247	0.00497549	-0.00263834	-0.00192886
-0.175612	0.189758	0.249749	0.00537774	-0.00246642	-0.00201841
-0.168196	0.240329	0.296766	0.00575062	-0.00229286	-0.00193775
-0.175411	0.289833	0.279618	0.00570875	-0.00299071	-0.00192742
-0.177474	0.24418	0.298118	0.00615874	-0.00310481	-0.00182738
-0.175201	0.310504	0.286962	0.00535453	-0.00374953	-0.00181653
-0.162803	0.196784	0.26858	0.00603572	-0.00320749	-0.0016585
-0.175265	0.350396	0.380292	0.00576234	-0.0035752	-0.00194175
-0.175367	0.23193	0.328994	0.00598453	-0.00343289	-0.00195356
-0.170216	0.194281	0.343884	0.00651304	-0.00316226	-0.00175957
-0.168861	0.35376	0.425434	0.006441	-0.00357279	-0.00182123
-0.152661	0.21442	0.307896	0.00650378	-0.00312269	-0.00167216
-0.164333	0.340663	0.393725	0.00657512	-0.00353293	-0.00159421
-0.178827	0.308035	0.347327	0.00644209	-0.00393081	-0.00181113
-0.167316	0.216866	0.328194	0.00682132	-0.00365331	-0.00176096
-0.164168	0.349485	0.37708	0.00620655	-0.00417837	-0.00177139
-0.164538	0.230421	0.32899	0.0066627	-0.00329466	-0.00188271
-0.164399	0.272541	0.397569	0.00673173	-0.0036348	-0.00175428
-0.164304	0.297055	0.371228	0.00679273	-0.00379871	-0.00161931
-0.164581	0.238878	0.353432	0.00732175	-0.00321932	-0.00190473
-0.176273	0.331685	0.357228	0.00685275	-0.00346546	-0.00187338
-0.164599	0.204268	0.296226	0.00747173	-0.00308	-0.00191642
-0.18276	0.343518	0.39509	0.00736541	-0.00343325	-0.00203176
-0.185141	0.291857	0.357774	0.00674281	-0.00363385	-0.00208526
-0.177418	0.255289	0.407342	0.0071524	-0.00334052	-0.00193987
-0.177579	0.339797	0.448091	0.00737474	-0.00341409	-0.00206625
-0.155442	0.268699	0.425163	0.0075342	-0.00341409	-0.00165387
-0.173714	0.384996	0.428211	0.00756103	-0.00384954	-0.00186123
-0.173679	0.282545	0.358474	0.00759837	-0.00412862	-0.00185682
-0.173848	0.304076	0.38427	0.00783088	-0.00360593	-0.00200035
-0.198464	0.371693	0.396555	0.0080579	-0.00395114	-0.00232366
-0.191936	0.227535	0.375115	0.00882086	-0.00350913	-0.00220863
-0.19746	0.363501	0.447363	0.0092046	-0.00375848	-0.00240324
-0.208639	0.399172	0.429297	0.00905804	-0.00423537	-0.00258696
-0.160424	0.236286	0.347586	0.00895468	-0.00323645	-0.00258696
-0.176612	0.397332	0.442125	0.00949318	-0.00365518	-0.00230679
-0.19205	0.34617	0.442534	0.00938313	-0.00394104	-0.00217356
-0.176613	0.343886	0.476944	0.00952504	-0.00365518	-0.00221674
-0.185586	0.401735	0.458386	0.00988192	-0.00407038	-0.00213834
-0.176662	0.304464	0.433874	0.0098073	-0.00365518	-0.00242282
-0.198275	0.41566	0.440639	0.00954959	-0.0039769	-0.002291
-0.195478	0.334861	0.441277	0.00998174	-0.00411622	-0.00242338
-0.191579	0.389234	0.492492	0.0105502	-0.00406908	-0.00227079
