-8.06048e-05	-0.0508071	-0.0939894	0.00168234	0	0.000719284
-0.0115852	-0.0542487	-0.0500059	0.0010653	-7.79688e-05	0.000475523
-0.0166161	-0.0924132	-0.0266394	-0.00111512	-0.000228206	0.000303919
-0.0166021	-0.0327443	-0.0442549	0.00137044	-5.48642e-05	6.06942e-05
-0.0289478	-0.0573557	-0.0423891	0.000779194	-5.48642e-05	0.000108634
-0.0241892	-0.0297765	-0.0488143	0.000282679	-5.48642e-05	9.79603e-05
-0.0391778	-0.0110868	-0.00230045	5.38598e-05	0.000445052	0.000257754
-0.02725	-0.00119547	0.0244997	-0.000228752	0.000571827	0.000641453
-0.0318266	0.00901758	0.0327644	-0.000528276	0.000582465	0.000345932
-0.0258131	-0.0268472	0.0403932	-0.000415169	0.000577649	0.00030085
-0.013037	0.0227621	0.0607959	-0.000728951	0.000418798	0.000641453
-0.0130245	0.0125728	0.0608143	-0.000799289	-5.48642e-05	0.000641453
-0.0130277	0.0151956	0.0447281	-0.000443023	0.000296398	0.000554539
-0.0130294	0.00766252	0.00455391	-0.000435076	0.000521173	0.000641453
-0.0130184	-0.0671288	-0.0981623	0.00231451	-0.000121713	0.000499099
0.00713389	-0.0554732	-0.13929	0.00330641	-0.000401227	0.000757376
0.0213443	0.00684646	-0.0689847	0.000676576	-0.000201863	0.000471638
-0.00412029	-0.0311595	-0.0454988	0.000453652	-0.000277549	0.000321541
-0.0013741	0.0144304	-0.0157524	-0.000428533	2.95875e-05	0.0003986
-0.00656978	0.0119468	0.0171413	-0.000337991	-0.000309614	0.000363367
-0.00655393	-0.00556957	-0.00847964	-0.000337991	-0.000182365	-5.98741e-05
-0.0219191	-0.0124448	0.0105991	-0.000155784	-0.000562952	-0.000362188
-0.00656691	0.0106719	-0.00974907	-0.000830397	3.22523e-05	-0.000403176
-0.0208616	0.014119	-0.0027358	-0.000458459	0.000142253	-0.000236692
-0.0142988	0.00380912	0.0244397	-0.000337991	-6.75951e-05	-5.98741e-05
-0.024182	0.073869	0.0332692	-0.000868718	-6.65842e-05	-5.98741e-05
-0.000439595	0.0163818	0.0396305	-0.000853376	0.000142253	4.5037e-06
-0.00652782	0.0548036	0.0659674	-0.000981151	-8.05336e-05	0.000319045
-0.000262021	0.0332483	0.0465832	-0.000842803	0.000142253	0.000260646
0.00167161	0.0552089	0.0659061	-0.000505289	-0.000123202	0.000354468
0.00429242	0.04568	0.0706516	-0.000749456	-7.16608e-05	0.000382195
0.00500975	0.0719556	0.0695968	-0.00098892	0.00024638	0.000382196
0.00579067	0.0338633	0.0762653	-0.000549962	-0.000373202	0.000382195
0.0142034	0.0644604	0.0668632	-0.000831494	5.28907e-05	0.000580097
0.00877901	0.0693331	0.0825964	-0.000654849	1.39831e-05	0.000715708
0.0174792	0.036269	0.0847362	-0.000510353	-6.00547e-05	0.000496797
0.0197014	0.0545877	0.0774643	-0.000626312	-3.04624e-05	0.000574897
0.0201568	0.0551568	0.0662957	-0.000681242	-0.000190522	0.000574897
0.0123435	0.0337368	0.0654607	-0.000134943	-0.000373202	0.000664768
0.0128152	0.0808711	0.0566933	-0.000556394	-0.000348567	0.00063719
0.0119285	0.0595033	0.100607	-0.000218895	-0.000373202	0.000780949
0.0202123	0.067926	0.0839453	-0.000320337	-0.000373202	0.000867584
0.0202018	0.0702814	0.0803317	-0.000228116	-0.000475167	0.000837237
0.0202063	0.0458993	0.0654278	3.40696e-05	-0.000679365	0.000902163
0.0201915	0.099545	0.0654461	-0.000309229	-0.000373202	0.000865113
0.0202093	0.0894396	0.0975097	-0.000556394	-0.000245295	0.00103116
0.0202381	0.0686995	0.0623632	-0.000429688	-0.000543492	0.00127279
0.0202342	0.0644507	0.0434347	9.48123e-05	-0.000373202	0.00127279
0.00923544	0.006451	0.0249299	0.000583326	-0.000373202	0.00117056
0.0344155	-0.0233745	-0.0600109	0.00403392	-0.000867991	0.00108428
0.0237732	0.0134073	0.00375134	0.00257669	-0.000373202	0.00157779
0.0237723	0.0232473	0.00230663	0.00207524	-0.000373202	0.00151196
0.00939822	0.0465518	0.0212353	0.00198798	-0.000373202	0.00160672
0.0238467	-0.0297784	0.0300538	0.00255505	7.79531e-05	0.00117367
0.047365	0.0131066	0.0429384	0.00165579	-0.000193701	0.00163396
0.0446091	0.0158872	0.0295864	0.00140996	-0.000373202	0.00163396
0.0407867	-0.0280639	-0.00437921	0.00171127	-0.000373202	0.00169356
0.0475162	0.0085399	-0.0496092	0.00177465	-0.000373202	0.00182214
0.0575215	-0.0561314	-0.0264127	0.00216674	-0.000373202	0.00198438
0.0575222	-0.0427643	0.00633271	0.000813835	-0.000615037	0.00207785
0.069452	-0.0468981	-0.00384583	0.00112749	-0.000373202	0.00202584
0.0842977	-0.11546	-0.0375986	0.000770073	-0.000373202	0.00187192
0.107064	-0.085677	-0.020938	0.000680077	-0.000758228	0.00197343
0.103722	-0.0222179	0.00221149	0.000713609	-0.000373202	0.00205646
0.0957103	-0.0601464	0.000331434	0.00136786	-0.000373202	0.00212142
0.0979622	-0.0159185	0.0105884	0.00105194	-0.000620131	0.00219132
0.0969614	-0.039725	0.0104647	9.64259e-05	-0.00019998	0.00231186
0.105483	-0.0542353	-0.00334567	0.00226697	-0.000799252	0.00238458
0.106262	-0.0052566	-0.00790788	0.00213446	-0.000373202	0.00211387
0.117258	-0.0711763	-0.0150077	0.00216479	-0.000373202	0.00217582
0.117217	-0.0685495	-0.0245433	0.00136554	-0.000373202	0.00244556
0.105486	-0.0433533	-0.015314	0.00124213	-0.000373202	0.00219473
0.113172	-0.0787305	-0.0120141	0.00200086	-0.000626606	0.0022108
0.12881	-0.059469	-0.015244	0.00200086	-0.000373202	0.00221365
0.122027	-0.0532999	0.0246475	0.00173215	-0.000373202	0.00202429
0.12843	-0.0510088	0.0124404	0.00205256	-0.000373202	0.00207136
0.124375	-0.0479233	0.0255558	0.000602184	-0.000373202	0.00233221
0.116721	-0.0869681	-0.0532338	0.00291205	-0.000669149	0.00259293
0.118448	-0.00132331	-0.0381101	0.00191363	-0.000773612	0.00240881
0.126481	-0.097865	-0.0246981	0.00213513	-0.000641605	0.00229171
0.151843	-0.0743205	-0.00628816	0.000760297	-0.000480449	0.00251198
0.175602	-0.093469	-0.0170288	0.00130223	-0.000531754	0.00288788
0.165283	-0.0861446	-0.0394493	0.00144316	-0.000612754	0.00320673
0.146462	-0.0509315	-0.0188074	0.00144316	-0.000516691	0.00302039
0.140066	-0.0856835	-0.0497259	0.00205495	-0.000377489	0.00320673
0.129322	-0.0272524	-0.0250847	0.00159694	-0.000377489	0.00320673
0.129361	-0.071333	0.00434126	0.0024996	-0.000474915	0.00290292
0.137191	-0.0473058	0.0313912	0.00221699	-0.000377489	0.00320673
0.154899	-0.0568959	0.0404306	0.00204517	-0.000377489	0.00306608
0.1687	-0.0866801	0.0182843	0.0020414	-0.000377489	0.00320673
0.212448	-0.0952445	0.021679	0.00073403	-0.000647317	0.00328576
0.246752	-0.170918	-0.0190431	0.00120447	-0.000666714	0.00403475
0.262103	-0.147254	-0.0338997	0.00109434	-0.000377489	0.0039672
0.216871	-0.087043	-0.0545589	0.00148167	-0.000832989	0.00372534
0.210041	-0.126944	-0.0645794	0.00232086	-0.000905195	0.00377748
0.193855	-0.0492237	-0.0333955	0.00201338	-0.000689278	0.00341397
0.183362	-0.133584	-0.0581895	0.00293964	-0.000377489	0.0034229
0.175586	-0.0481521	-0.0312031	0.00256521	-0.000297555	0.00330525
0.165094	-0.115066	-0.0283083	0.00316012	-0.000377489	0.00335279
0.179446	-0.0889603	-0.0268278	0.00312053	-0.000377489	0.00310527
0.179447	-0.0429565	-0.00235841	0.00302976	-0.000428001	0.00316503
0.213827	-0.154113	0.00151026	0.00272839	-0.000377489	0.00311956
0.238117	-0.118915	-0.00071475	0.00178147	-0.000215612	0.00322594
0.220598	-0.1043	-0.0271501	0.00288026	-0.000394865	0.00320042
0.223465	-0.103614	-0.0283384	0.00240133	-0.000443349	0.00329541
0.223453	-0.0959728	-0.0333455	0.00243513	-0.000492472	0.00334571
0.223408	-0.171864	-0.0408106	0.00233772	-0.00058624	0.00365871
0.241526	-0.0852033	-0.00389949	0.00143385	-0.000614842	0.00355935
0.2243	-0.098755	-0.0112342	0.00221945	-0.000391438	0.00379133
0.224277	-0.100092	-0.0327043	0.00179106	-0.000528867	0.0036744
0.224287	-0.0683533	-0.0504617	0.00223102	-0.00060139	0.003464
0.22426	-0.111883	-0.0357663	0.00292716	-0.000528867	0.00382187
0.207515	-0.0564185	-0.0124534	0.00246271	-0.000528867	0.00400435
0.207578	-0.0579033	0.0139299	0.00269198	-0.000101383	0.00360351
0.230813	-0.0848533	0.0196277	0.00230159	-0.000528867	0.00294417
0.246641	-0.0468135	0.0194536	0.0014035	-0.000723609	0.0029629
0.268954	-0.0781966	-0.0190526	0.00194666	9.98167e-05	0.00292782
0.263646	-0.0646058	-0.0374312	0.00196261	-0.000528867	0.00292468
0.253862	-0.0685596	-0.0181204	0.00160062	-0.000528867	0.00335293
0.245467	-0.143867	-0.076375	0.00282561	-0.000938152	0.00412258
0.252561	-0.0652457	-0.0902972	0.00380468	-0.000528867	0.00409998
0.258468	-0.169423	0.022699	0.000741743	-0.000460134	0.00381065
0.26348	-0.0891917	-0.0876007	0.0038635	-0.000528867	0.00364332
0.260608	-0.100703	-0.0910288	0.00355899	-0.000528867	0.00357082
0.262366	-0.135876	-0.141385	0.00444982	-0.000528867	0.00327624
0.259549	-0.0887926	-0.125576	0.00395434	-0.000528867	0.00328036
0.269076	-0.150973	-0.119519	0.00361749	-0.000104757	0.00328724
0.250995	-0.107568	-0.104334	0.00332399	0.000104713	0.00329132
0.245164	-0.119246	-0.095893	0.00323566	-4.76859e-05	0.00316212
0.245091	-0.113622	-0.142702	0.00380143	-1.27382e-06	0.00324448
0.244991	-0.119353	-0.155394	0.00442568	-0.000180121	0.0035209
0.246882	-0.14304	-0.170255	0.00534927	-0.000459289	0.00400676
0.244977	-0.0853624	-0.120004	0.00517649	-0.000144585	0.00371552
0.208895	-0.120368	-0.127816	0.00633306	-0.000174711	0.00338585
0.202289	-0.0941719	-0.1088	0.00559885	-0.000217255	0.00301248
0.202332	-0.142412	-0.10633	0.00557672	-0.000115485	0.00299226
0.192427	-0.0937101	-0.119292	0.00575141	9.07532e-05	0.00306401
0.202213	-0.09548	-0.0876055	0.00569131	-0.000178591	0.00334906
0.206794	-0.0994851	-0.0663019	0.00542092	0.000113322	0.00326882
0.227456	-0.0921472	-0.116054	0.00662842	-4.49615e-05	0.00410964
0.238012	-0.105946	-0.110843	0.00676689	-0.000356018	0.00400554
0.257464	-0.0911894	-0.116178	0.00644255	-0.000270755	0.00427298
0.239529	-0.0934873	-0.108134	0.00586497	-0.000572822	0.00374948
0.231047	-0.118753	-0.124886	0.00608991	-0.000509238	0.00368362
0.20881	-0.105899	-0.168029	0.00752558	1.14045e-05	0.00368126
0.189998	-0.14192	-0.178434	0.00797026	-0.000128143	0.00305393
0.19807	-0.0862664	-0.164362	0.00706047	0.000129367	0.00284313
0.116168	-0.118069	-0.196164	0.00879186	0.000569874	0.00158903
0.176137	-0.0750626	-0.195269	0.00750742	0.000537859	0.00225792
0.211527	-0.149892	-0.232594	0.00945987	9.00175e-05	0.00281564
0.200958	-0.119437	-0.236661	0.00854861	-0.000296881	0.0026636
0.162824	-0.125932	-0.188747	0.00845467	8.56716e-05	0.002139
