0.0309398	-0.0623427	-0.0511606	0.0001706	-0.000600439	0
0.0221098	-0.0278878	-0.0327823	0.000278995	-0.000600439	-0.000153254
-3.45631e-05	-0.0587116	-0.0327696	0.000320329	-0.00069848	-2.64698e-23
0.00586785	-0.0062782	-0.00689903	0.000388867	-0.000600439	-2.64698e-23
0.0271478	-0.0701129	-0.0514099	0.0003236	-0.000646861	0
0.0465881	-0.0189184	-0.0327326	0.000707888	-0.000604564	0.000388258
-0.00409289	-0.055544	-0.032777	0.000570641	-0.000635757	0
0.0404871	0.00559795	-0.0178678	0.000570641	-0.00032691	0.000323226
-0.0129383	-0.0538137	-0.032777	0.000570641	-0.000635757	5.36157e-05
0.0117454	-0.00262693	0.00164151	0.000570641	-0.000530395	-5.29396e-23
0.0152472	-0.0448824	-0.0287247	0.000570641	-0.000635757	0
0.0311471	-0.0206874	-0.00949429	0.000570641	-0.000413274	-2.64698e-23
0.00870026	-0.0373495	-0.0434837	0.000359052	-0.000287195	-0.000374208
0.024383	-0.0547231	-0.0449865	0.000203812	-6.54366e-05	0
0.0245959	-0.0110269	-0.0405787	0.000265556	-6.54366e-05	0
0.021367	-0.024221	-0.048579	5.53759e-05	-6.54366e-05	0
0.0144204	-0.014397	-0.0349986	5.53759e-05	-1.22992e-05	0
0.015498	-0.0504564	-0.0461567	5.53759e-05	-0.000135771	0
0.0129035	-0.030675	-0.0486835	5.53759e-05	-6.54366e-05	0
0.00511652	-0.0242223	-0.0405734	0.000195498	-9.23249e-05	-0.000425818
0.00510129	0.00215099	-0.0221134	-5.00346e-05	0.000119787	-1.6041e-05
0.0050826	-0.0538603	-0.0577193	5.53759e-05	3.8527e-05	-0.000151503
0.0216241	-0.0466406	-0.0869094	-0.000110294	0.000119787	-0.000425818
0.0197971	-0.0440636	-0.0758725	0.000113836	0.000119787	-0.00025936
0.0236407	-0.0466634	-0.045728	5.53759e-05	0.000119787	-0.000292472
0.02477	-0.014803	-0.00777608	-0.000422551	-3.51843e-05	-6.03046e-05
0.0220215	-0.0476062	0.0078838	-0.000422551	0.000128964	-0.000284445
0.0274242	-0.0185178	-0.0231094	-9.75232e-06	0.000125519	-9.86095e-05
0.0502805	-0.0938531	-0.0917226	0.000766026	0.00108328	-0.000124576
0.0738028	-0.0911941	-0.0675918	0.00082841	0.00117838	5.0663e-05
0.0658078	-0.00663259	0.0354338	-0.000551939	0.000751465	0.000342993
0.0760066	-0.0358613	0.0354383	-0.00045293	0.000751465	0.000342993
0.0657898	-0.00284808	0.0354773	-0.000782373	0.00131161	5.59699e-05
0.0541634	-0.00862063	0.0354363	-0.000518032	0.000751465	-8.82941e-05
0.0332722	-0.00281636	0.0643876	-0.000528479	0.000751465	-0.000269063
0.0193909	0.0239688	0.0448821	-0.000739735	0.00130438	-0.000511422
-0.0210444	-0.029572	0.0559143	-0.000710674	0.000751465	-0.000511422
0.0254083	0.0349566	0.0636104	-0.000847788	0.000886473	-0.000511422
0.0106887	0.00020656	0.0787624	-0.0010138	0.000751465	-0.000511422
0.00327303	0.00871094	0.105955	-0.000919549	0.000303257	-0.000511422
0.0153987	0.0442619	0.105953	-0.000918153	0.000659985	-0.000161213
0.00969168	0.027014	0.123152	-0.0010138	0.000303257	-8.51649e-05
0.00504431	0.010817	0.122192	-0.0010138	0.000357485	-0.000222737
0.0100246	0.0393542	0.122397	-0.00107167	0.000303257	-0.000224666
0.0013597	0.0172051	0.111665	-0.000576171	0.000159288	-0.000336901
-0.00311226	0.0123705	0.0894373	-0.0010138	0.000132967	-0.000188773
-0.0194849	0.00388936	0.104707	-0.000773353	-9.82185e-05	-0.000249968
-0.0195386	-0.0039704	0.0894299	-0.00107112	0.000303257	-0.000316232
0.00763078	0.0225025	0.0681815	-0.0010138	0.00036844	-0.000336627
-0.0102182	-0.0170497	0.088368	-0.00109583	0.000362354	-0.00022317
0.00928094	0.0292008	0.0928114	-0.000944205	0.000376238	-0.000108916
0.00259192	0.0046509	0.116031	-0.000712582	0.000280106	-9.10488e-05
-0.00275594	0.0307345	0.118016	-0.0010138	0.000490254	0.000144839
-0.00564779	0.0162679	0.118289	-0.000793962	0.000439777	0.000154292
0.00142627	0.0390284	0.12785	-0.0010138	0.000280107	0.00023061
-0.00155255	0.016234	0.12786	-0.0010138	-0.000187389	0.000204145
-0.00826001	0.0162668	0.10564	-0.000583003	-0.000187389	1.93998e-05
-0.00404549	0.0326104	0.0914354	-0.000972878	0.000151065	1.93998e-05
-0.0112294	0.0164131	0.108085	-0.000762647	-0.000250543	1.93998e-05
-0.00892106	0.0104615	0.108911	-0.000640998	-0.000258887	1.93998e-05
0.000788984	0.0674951	0.14042	-0.00118125	-0.000329451	1.93998e-05
-0.019457	0.027492	0.126884	-0.00101054	-0.000493581	-0.00015089
0.0170363	0.0648814	0.130045	-0.00118125	-0.000120708	0.000256713
0.0165328	0.0330151	0.145969	-0.000820803	-0.00027811	0.000184542
-0.0070584	0.0220779	0.157071	-0.000761604	-0.00027811	1.93998e-05
0.00630908	0.0628114	0.159121	-0.000966223	-0.00022236	1.93998e-05
-0.00707912	0.0191788	0.161814	-0.000761604	-0.000278656	1.93998e-05
0.00540242	0.0737383	0.175293	-0.00103894	-0.000278657	0.000154878
-0.00705525	0.0358997	0.175284	-0.000926145	-0.00039554	0.000145266
-0.0195543	0.0825404	0.178582	-0.000854799	-0.000278657	1.93998e-05
-0.0363432	0.0445758	0.182259	-0.000761604	-0.000278657	8.51034e-05
-0.0186929	0.0783345	0.172711	-0.000761604	-0.000278657	1.93998e-05
-0.0237136	0.0341182	0.155272	-0.000707828	-0.000569008	1.93998e-05
0.00684088	0.068334	0.155254	-0.000761604	-0.000278657	0.000296175
-0.00956796	0.0409629	0.202191	-0.000761604	-0.000278657	0.000217486
0.0109978	0.102481	0.228042	-0.000761604	-0.000367798	0.000357249
-0.0077612	0.0563613	0.228056	-0.000761604	-0.000701296	0.000341038
0.0155237	0.103009	0.217948	-0.000899339	-0.000179549	0.000314055
-0.00998849	0.0517	0.209125	-0.000761604	-0.000596259	0.000307071
0.0128538	0.100355	0.195135	-0.000761604	-0.000117431	0.000399603
-0.0136808	0.0499809	0.18413	-0.000761604	-0.000763763	0.000366878
0.00222359	0.0542359	0.134492	-0.000761604	-0.000683178	0.000306264
-0.00665661	0.0637312	0.16062	-0.000912632	-0.000683178	0.000429398
-0.0165117	0.0314387	0.129167	-0.000761604	-0.000389448	0.000303007
-0.0164524	0.0544903	0.12979	-0.000706691	-0.000683178	0.000357978
-0.026826	0.0425781	0.113341	-0.000812926	-0.000683177	0.00045862
-0.0348777	0.0653629	0.154722	-0.00085312	-0.000371098	0.000375119
-0.0555162	0.0478015	0.155369	-0.000761604	-0.000171749	0.000378926
-0.0472613	0.0422259	0.151165	-0.000761604	-0.000674932	0.000254075
-0.0260082	0.0555982	0.126283	-0.000946014	-9.28221e-05	0.000245369
-0.0153792	0.0350029	0.116305	-0.000761604	-0.000600588	0.000356209
-0.0137218	0.0335098	0.100212	-0.000956884	-0.000406595	0.00038631
-0.0131746	0.0584309	0.144958	-0.000761604	-0.000304612	0.000392925
-0.0411326	0.0365703	0.144995	-0.000761604	-0.000791179	0.000297065
-0.0226569	0.0547298	0.122642	-0.000973778	-0.000386997	0.000456223
-0.00319099	0.0439523	0.122653	-0.000931894	-0.000584115	0.00050528
-0.0226257	0.0140903	0.1062	-0.000761604	-0.000644186	0.000526137
0.00617632	0.048126	0.0841201	-0.000761604	-0.000644186	0.000550275
-0.0153687	0.0256581	0.103276	-0.000695339	-0.000644186	0.000430085
-0.0142877	0.0438619	0.0938302	-0.000761604	-0.000528391	0.000425144
-0.0225936	0.0684674	0.146092	-0.000761604	-0.000731787	0.000710426
-0.0253571	0.0307065	0.167043	-0.000761604	-0.000884528	0.000613149
0.00390079	0.0689087	0.134751	-0.000992785	-0.000600417	0.000520258
0.0156414	0.0389119	0.11775	-0.000761604	-0.000747191	0.000598065
0.00193993	0.0410427	0.11775	-0.000761604	-0.000747191	0.000750434
0.0142943	0.0693354	0.136826	-0.000761604	-0.000747191	0.000669949
0.014881	0.0359349	0.128982	-0.000761604	-0.000667317	0.000750434
0.0182599	0.0704009	0.145214	-0.00102534	-0.000843726	0.000575034
0.00966822	0.0433652	0.143572	-0.000761604	-0.00105417	0.000750435
0.023931	0.0655536	0.128992	-0.000874798	-0.00100873	0.00068315
0.017759	0.0433646	0.135811	-0.000761604	-0.0011767	0.000560078
0.0206642	0.0524674	0.145104	-0.000761604	-0.000664974	0.000510033
-1.06831e-06	0.0433539	0.162523	-0.000761604	-0.0013484	0.000467599
0.0155552	0.0578005	0.160289	-0.00114489	-0.0011767	0.000494653
-0.00633474	0.0643848	0.160275	-0.00047274	-0.000643249	0.000336462
0.0723624	-0.00157294	0.0147939	0.00358292	0.000767151	0.00064207
0.0312709	0.00772279	0.134736	0.000552792	-1.77571e-05	0.000336462
-0.00216977	0.0569572	0.192737	-0.000448421	-0.0004581	0.000336462
-0.0121535	0.0674752	0.161409	-0.00075252	-0.000510292	-0.000115059
-0.00211747	0.0531186	0.155644	-0.00047769	-0.000852757	8.56217e-05
-0.00213274	0.0515946	0.163632	-0.00058744	-0.000787961	0.000202467
-0.0132353	0.0515291	0.17775	-0.00093844	-0.00129929	0.000177637
0.0118452	0.057714	0.166362	-0.00106265	-0.000927687	0.000297105
-0.00456192	0.0583963	0.176624	-0.00144149	-0.000977275	0.000317482
-0.0226288	0.0519896	0.160099	-0.00136694	-0.000945065	-0.000115059
-0.0225535	0.0673717	0.160128	-0.00137323	-0.00129499	0.000232444
-0.0225733	0.0673991	0.139055	-0.00121678	-0.0011201	0.000314008
-0.0137458	0.0673609	0.153865	-0.00142452	-0.00129499	0.000416947
-0.022588	0.0434092	0.122703	-0.00148093	-0.00110152	0.000336623
-0.0352938	0.0455407	0.139054	-0.00148093	-0.00129499	0.000134111
-0.00495629	0.0808525	0.1284	-0.00148093	-0.00129499	0.000372766
0.00214536	0.0516982	0.119246	-0.00135614	-0.00137858	0.000413076
0.0142518	0.0594708	0.111085	-0.00148093	-0.00129499	0.000485566
0.00878632	0.0516786	0.111078	-0.00148093	-0.00129499	0.000471009
0.0169607	0.046445	0.121618	-0.00153989	-0.00129499	0.000511153
0.0277287	0.0730102	0.128115	-0.00148093	-0.00154347	0.000664409
0.0364058	0.0483487	0.133268	-0.00118364	-0.00129499	0.000503869
0.0377376	0.0755396	0.104242	-0.00138704	-0.00129499	0.000529191
0.0284706	0.0494154	0.112686	-0.00125029	-0.00149731	0.00066441
0.0202904	0.0563924	0.113886	-0.00131136	-0.00160219	0.000420846
0.0201836	0.11233	0.158704	-0.00114263	-0.000988025	0.00066441
0.009259	0.0511525	0.158704	-0.00121839	-0.00150581	0.000564648
0.0202455	0.100575	0.131421	-0.00114166	-0.0013493	0.00066441
0.0107258	0.0521107	0.127691	-0.00123212	-0.0013493	0.00066441
-0.00596182	0.0856843	0.127706	-0.00135092	-0.0013493	0.00066441
0.0102769	0.0764606	0.1442	-0.00118742	-0.0013493	0.000547187
0.0406235	0.0729401	0.127697	-0.00124261	-0.00102734	0.00066441
0.0264199	0.0674609	0.127686	-0.00123406	-0.0013493	0.00066441
0.0406686	0.0508615	0.127691	-0.00139314	-0.00134931	0.00066441
0.0331895	0.0797981	0.152365	-0.00124824	-0.00122621	0.00066441
0.0191757	0.0503088	0.154013	-0.00126127	-0.00155899	0.00066441
0.0267396	0.0967535	0.146815	-0.00135769	-0.00143801	0.000772364
