-0.0161952	-0.0236672	-0.0856525	-0.00063257	-0.000402572	-5.29396e-23
-0.0270441	0.0526061	-0.0179949	-0.000572581	-0.000284613	0
-0.0162058	0.00551051	-0.0124012	-0.00110447	-0.000501214	0.000282607
-0.0195319	0.0627419	-0.02263	-0.000956537	-0.000583938	0.000328563
-0.0162072	0.00315971	-0.0185287	-0.00102811	-0.000501214	0.000255198
-0.0217281	0.112038	0.00456159	-0.00141321	-0.000501214	0.000272609
-0.0350787	0.168941	0.0534656	-0.00176142	-0.000889026	0.000464211
-0.00230361	-0.00895731	0.0463602	-0.00175682	-0.000501214	0.000556431
-0.00117138	-0.0384443	0.0230872	-0.00102323	-7.29554e-05	0.000310519
0.00521896	-0.0330001	-0.00542863	-0.000692163	-0.000501214	0.000340958
0.0143778	0.034502	-0.00321762	-0.000799321	-0.000501214	0.00049677
0.014372	0.00873203	0.020352	-0.000235423	-0.000263667	0.000394269
0.0048708	0.0385412	0.0649654	-0.000402166	-0.000227142	0.000394269
-0.00976079	0.0393946	0.0977107	-0.000708039	-0.000501214	0.000106269
-0.00976701	0.028328	0.0724518	-0.000235423	-7.35296e-05	-7.3702e-05
0.00706881	0.0367089	-0.010923	-0.000860202	0.000267666	-7.3702e-05
0.0183939	-0.0149547	-0.0374825	-0.000159901	0.000348575	-0.000211911
0.0204893	0.00467844	-0.0482602	-0.000159901	0.00011704	-7.3702e-05
0.0188296	0.0104748	-0.0524127	7.75726e-05	0.000246147	-7.3702e-05
0.0143272	0.00100797	-0.0187287	-0.000395705	0.000194509	0.000118959
-0.00194019	-0.00320163	0.0282089	-2.98865e-05	5.53715e-05	-7.3702e-05
0.00298492	0.000729191	0.0445238	-0.000583476	0.000194509	-7.37019e-05
0.00309094	0.0320338	-0.00359359	-0.0002732	-1.794e-05	-7.37019e-05
0.0116221	0.00591714	-0.0168293	0.0003625	0.000194509	-7.37019e-05
-0.0097407	0.0214185	-0.0137241	-0.000467049	-0.000196387	-7.37019e-05
0.0030455	-0.0193251	-0.0275931	0.000438952	0.000194509	-0.000508007
0.00498346	0.0136864	-0.0331078	-0.000183765	1.59761e-05	-7.37019e-05
0.00709222	-0.00293396	-0.0388894	0.000511424	0.000194509	-0.000159249
0.0074544	0.033663	-0.0295419	-0.000184136	0.000194509	-7.37019e-05
0.00916708	0.0108185	-0.0695208	0.000211598	0.000194509	-7.37019e-05
0.00788689	0.0530013	-0.042179	-0.000149007	0.000194509	-7.37019e-05
0.00934701	0.0161513	-0.0368849	9.13919e-05	0.000194509	-7.37019e-05
0.00603978	0.0190923	-0.0368731	-0.000418036	0.000288476	-7.37019e-05
-0.00170229	0.0357714	-0.00508147	-0.000418036	0.000194509	-7.37019e-05
0.00149507	0.00304793	-0.0290444	0.000219517	0.000273316	-7.37019e-05
0.0027	-0.00923185	-0.034399	-0.00030435	0.000194509	-0.000139632
-0.00966777	0.0879761	0.0297363	-0.00025262	6.13582e-05	3.03729e-05
-0.00969355	0.0407201	0.0403828	-0.00102301	0.000307528	-4.50299e-05
-0.0096877	-0.078098	-0.0490868	-0.000192355	0.000307528	-0.000199466
0.0077024	0.0272299	-0.0183033	-0.000173941	0.000236973	-4.50299e-05
0.00849774	-0.0289909	-0.0302533	-1.35626e-06	0.000307528	-4.50299e-05
0.0251831	0.0548085	0.0142321	-7.24473e-05	0.00039522	0.00013109
0.0108621	0.00275928	0.0267568	0.000260173	0.00057112	-4.50299e-05
-0.00262475	-0.000887126	-0.0477576	1.84845e-05	0.000453192	-4.50299e-05
-0.00973794	0.036031	-0.0218828	-0.000180158	0.00037219	-0.000168998
-0.000105473	-0.016675	-0.0582496	0.000702486	0.00037219	-0.000222462
0.0105185	0.0576054	-0.0313393	-0.000168936	0.00037219	-0.000138893
0.00270111	-0.0104628	-0.0237667	0.000627099	0.000266054	-0.000322881
-0.0017977	0.0194755	-0.0193066	0.00018403	0.00037219	-0.000561482
-0.0334211	0.0705107	0.0082515	0.000286005	-3.04213e-05	-0.000446122
-0.0334019	0.0079973	0.0244435	0.000493392	-3.04213e-05	-0.000327761
-0.0389361	0.035449	-0.0081049	0.00076035	-3.04213e-05	-0.000628951
-0.0378266	-0.00259285	0.00920599	0.00118766	-3.04213e-05	-0.000613431
-0.0333832	0.0426369	0.0251137	0.00093766	-0.000135435	-0.000537265
-0.0333838	0.00319185	0.017316	0.000741351	6.49437e-05	-0.000567366
-0.0334101	0.0442559	0.0218058	0.000376173	-3.04213e-05	-0.000778338
-0.0205696	0.0140482	0.0431152	0.000930845	-5.94207e-05	-0.000453313
-0.0139009	0.0539179	0.0349057	0.00047368	-4.25919e-05	-0.000538171
-0.0121658	0.0240384	0.0377503	0.00100158	-4.25919e-05	-0.000453313
-0.0163475	0.0272975	0.0350532	0.000413065	-0.00010439	-0.000453313
-0.0108267	0.0517814	0.0419465	0.000614151	-0.000124646	-0.000453313
-0.0153124	0.0285298	0.0350269	0.000712893	-0.000520585	-0.000453313
-0.0068089	0.0737384	0.0350738	0.000448617	-0.000389963	-0.000453313
0.00795025	0.0210082	-0.00737963	0.000656827	-6.31597e-05	-0.000503797
0.000181203	0.0723076	0.0251275	0.000497986	-0.000332691	-0.000453313
-0.00838015	0.0560115	0.0643659	8.53995e-05	-0.000220804	-0.000453313
-0.00122534	-0.0248573	0.0786138	0.00100514	-6.55811e-05	-0.000453313
-0.000990342	0.0484075	0.095839	0.000280544	-0.000164419	-0.000453313
0.00334295	0.0234149	0.0596225	0.000883922	-0.000140162	-0.000824749
0.000126699	0.035373	0.0253043	0.000883922	-0.000348161	-0.000606056
-0.00341735	0.0392541	0.0217261	0.000266424	-0.000140162	-0.000598662
-0.00125664	0.0196224	0.0168594	0.00055083	9.35104e-05	-0.000736892
0.0321843	0.063525	0.0378068	0.000603919	-0.000141875	-0.000507854
0.0321823	0.000156872	0.0212386	0.00136971	-2.44366e-05	-0.000533716
0.00872141	0.0469534	0.0378291	0.000317103	-2.44366e-05	-0.000562408
0.019169	0.0206391	0.0444177	0.000809503	-0.000303367	-0.000453313
0.0241821	0.0164081	0.0182361	0.000410518	3.04982e-05	-0.000453314
0.0268505	0.0570029	0.0182427	0.00051863	-2.44366e-05	-0.000453313
0.0159136	0.00243159	0.0561615	0.00117608	-2.44366e-05	-0.000453313
0.0283758	0.0350494	0.0747145	0.000633816	-2.44366e-05	-0.000453314
0.0247621	0.0164343	0.0760514	0.00107337	-0.000210891	-0.000453313
0.031203	0.0278567	0.0644803	0.000916208	-0.000416148	-0.000384629
0.0428557	0.053574	0.0645107	0.000671695	-0.000349467	-0.000366403
0.0462055	0.0249818	0.022045	0.0010622	-2.44366e-05	-0.000453314
0.0618068	0.0407503	0.0415047	0.000661133	-2.44366e-05	-0.000264147
0.0593607	0.0131419	0.0812915	0.0014907	-0.000226987	-0.000453313
0.0607597	0.00428386	0.100541	0.000647458	-0.000125806	-0.000453313
0.0563046	0.0429253	0.100541	0.00120306	-0.000235658	-0.000453314
0.0681729	0.00943253	0.0835294	0.00138493	-0.000131817	-0.000395654
0.0753156	0.0618717	0.0835355	0.000532523	-0.000397021	-0.000453314
0.0734075	0.0289227	0.0959329	0.000610771	-0.000434949	-0.000196046
0.0789104	0.0426596	0.0847843	0.000389019	-0.000434949	-0.000158488
0.0732291	0.0430588	0.056592	0.00107517	-0.000434949	-5.42983e-05
0.0660953	0.0123675	0.0862064	0.000347422	-0.000190016	-1.06446e-05
0.0636501	0.0432639	0.117447	0.000386784	-2.58156e-05	-4.75555e-05
0.0659629	0.0237745	0.135095	0.000336661	-0.000434949	-4.05617e-06
0.0661671	-0.00818163	0.138101	0.00041399	-0.000226016	-4.2067e-05
0.0721049	0.0225439	0.155996	0.000262513	-0.000228421	-7.72469e-05
0.0744118	-0.0153975	0.14417	0.000894361	-0.000295629	-2.34797e-05
0.0702455	0.041762	0.161503	0.000142658	-0.000434949	-0.000127138
0.0675145	0.0160093	0.126972	0.00115178	-0.000434949	-0.000281457
0.0748298	0.0465465	0.109725	0.000289513	-0.000434949	-0.000167591
0.0802248	0.0315166	0.109619	0.00117389	-0.000434949	-0.000192153
0.0820284	0.0344293	0.109641	0.000848732	-0.000434949	-0.000125151
0.0893078	0.0701452	0.125718	0.000464492	-0.000338244	-0.000256992
0.0892869	-0.000224996	0.128769	0.000923003	-0.000434949	-0.000453314
0.0893003	0.0616526	0.130318	0.000140258	-0.000338347	-0.000265305
0.0892347	0.0170119	0.10398	0.000877343	-0.000151705	-0.000453314
0.0892446	0.0399986	0.110524	8.26192e-05	5.55642e-05	-0.000453314
0.089364	0.0400117	0.175372	0.00045961	-0.000290555	-0.00017451
0.101824	-0.0081583	0.184363	0.000767855	-0.000311968	-0.000169223
0.0893504	0.0572712	0.205267	0.000432372	-0.000311968	-0.000159022
0.0735328	0.00586662	0.159393	0.000888429	-0.000218491	-0.000278305
0.0993693	0.053046	0.104925	0.000626576	-0.000311968	-0.000116555
0.0887159	-0.0109481	0.0616814	0.00119211	-0.000311968	-0.000210956
0.0660347	0.0651802	0.0982594	0.00107358	-0.000105697	-0.000219612
0.0775108	0.0138906	0.138086	0.000999894	-0.000152236	-0.000453314
0.0832333	0.0339278	0.185563	0.000661838	-0.00027461	-0.000285427
0.0851132	0.00577746	0.172251	0.00119764	-0.000512946	-0.000291987
0.0950001	0.025047	0.200962	0.000870662	-0.000429263	-0.000208804
0.10075	0.0525166	0.200984	0.000479612	-0.000512946	-0.000284786
0.105685	0.00395303	0.163213	0.00109325	-0.000512946	-0.000289959
0.105934	0.0534564	0.163269	0.001065	-0.000512946	-0.000146459
0.108957	0.0231788	0.135308	0.00133792	-0.000655517	-0.000453314
0.0977926	0.0501237	0.130031	0.00133989	-0.000512946	-0.000453314
0.102166	-0.000986076	0.0706606	0.00224554	-0.000571554	-0.000453314
0.0797647	0.071027	0.0966055	0.00157001	-0.000303835	-0.000453314
0.0886775	-0.00256485	0.0768985	0.00153272	-0.000300592	-0.000453314
0.0921719	0.0317687	0.0968994	0.00119706	-0.000300592	-0.000248742
0.0797144	0.00381187	0.144459	0.00071541	-9.65625e-05	-0.000150967
0.0742786	0.0406068	0.188618	0.000522279	-0.000130643	-0.000150339
0.0797499	-0.00748758	0.202727	0.000999275	-0.000300592	-0.000453314
0.0915376	0.0264205	0.224304	0.000854416	-0.00036273	-0.000453314
0.110535	-0.000580504	0.211794	0.00155513	-0.000300592	-0.000234492
0.118755	0.00431651	0.195167	0.000550147	-0.000300592	-0.000239588
0.122984	0.0310081	0.196251	0.00132455	-0.000470247	-0.000157364
0.107608	0.000124872	0.139403	0.00192522	-0.000300592	-0.000230623
0.11146	0.0661899	0.172486	0.00113883	-0.000624324	-0.000218772
0.106087	0.0183725	0.168423	0.00174279	-0.000300592	-0.00029871
0.106211	0.0693393	0.188757	0.00148522	-0.000416662	-0.000453314
0.113432	0.0240242	0.169091	0.0021103	-0.000300592	-0.000583284
0.1091	0.0468492	0.190651	0.0015538	-0.000300592	-0.000453314
0.110246	0.0563283	0.190772	0.000980682	-6.03087e-05	-0.000453314
0.123875	0.00478249	0.123679	0.00200228	-0.000243416	-0.000270458
0.15662	0.0726588	0.201147	0.00142396	-0.000300592	0.000200325
0.156967	0.0248196	0.207272	0.0018743	0.000278696	7.91324e-05
0.152971	0.0401626	0.240015	0.00110617	0.000119012	0.000127886
0.116397	0.0544826	0.286119	0.000893682	0.00043174	-0.000166594
0.113578	0.000680996	0.285145	0.00147836	0.00033287	-0.000453314
0.103507	0.053388	0.295154	0.00142119	0.000614763	-0.000625677
0.111042	0.0249361	0.314774	0.00122907	0.000466484	-0.000608569
0.115824	0.0307033	0.313647	0.00076928	0.000469265	-0.000614755
