0.0305857	-0.235829	0.182022	-0.00989514	-0.0015035	0.000170321
0.0815771	-0.563199	-0.498125	-0.00986633	0.0010845	0.000953131
0.0348948	-0.106785	0.47437	-0.0141373	0.000299959	0.00027571
0.0842751	-0.539117	-0.288193	-0.0116409	0.0023288	0.000494641
0.0299969	-0.101613	0.433248	-0.0168435	0.000112208	-0.000210018
0.065602	-0.331342	0.255314	-0.0164909	-0.00100407	-8.64001e-06
0.0136431	0.138427	-0.679369	0.015682	-0.00121108	-2.3791e-05
-0.0170229	0.170158	-0.0835291	0.0115506	-0.00249666	0.000233365
0.0176342	-0.0555493	-0.358178	0.0103135	-0.00228958	0.000598162
0.00246854	-0.111326	-0.351755	0.00902952	-0.00175217	0.000233365
0.00144462	-0.0146926	-0.342496	0.00734041	-0.00195007	0.000233365
-0.00654023	-0.00292259	-0.204042	0.00793416	-0.00218449	0.000312313
0.0298576	-0.228847	-0.48325	0.0073999	-0.000884779	0.000233365
-0.0281476	0.245684	0.263331	0.0017302	-0.000865256	-0.000197271
0.0239667	-0.119746	-0.340484	0.00260106	0.000899364	9.27268e-05
-0.0179268	0.235323	0.196695	-0.0030581	0.000597352	-0.000142889
0.028	-0.0904494	0.162561	-0.00141761	0.000848597	-0.000423618
-0.0113813	0.311787	0.428408	-0.007802	0.00113995	-0.00024909
0.0228188	0.0714572	0.265393	-0.00162131	-4.55219e-05	0.000129434
0.0215882	-0.00345607	-0.2925	0.00254962	0.000230922	0.000364957
0.0104349	0.0171728	0.212971	-0.00187188	-0.000564593	-0.000473638
-0.0114276	0.167889	-0.273239	0.00849886	-0.000674854	-0.000302609
-0.0182339	-0.0449092	0.187639	0.000717001	-0.00148974	5.37587e-05
-0.0159657	0.136557	-0.237774	0.00748122	-0.00194705	-6.59908e-05
-0.0184534	0.0133481	-0.0656605	0.00845544	-0.00162103	0.000142893
0.0130398	-0.0759768	-0.431948	0.00364969	0.000378973	0.000216667
-0.0252382	0.205939	0.416256	-0.00299834	0.000268632	-0.000406451
-0.00110648	0.0892435	-0.239867	0.00173866	0.000321284	-0.000672619
-0.0250932	-0.000991465	0.235429	-0.00181548	-5.49613e-05	-3.82928e-05
-0.0395468	0.300393	0.303887	-0.00233551	-0.00136393	-0.00013636
0.03064	-0.157556	-0.234619	0.00554051	0.000199026	0.000401968
-0.0540871	0.360847	0.345374	0.00193201	-0.00137088	0.000154825
0.0274411	-0.28511	-0.415965	0.00225963	0.000519165	-1.94768e-05
-0.0470743	0.368389	0.607131	-0.00329316	-0.00115692	-0.000278059
-0.0205923	0.201163	-0.00574339	0.00399731	-0.00117004	-1.86203e-05
0.00447361	-0.0852665	-0.306815	0.00130203	0.000450328	4.10944e-05
-0.0321811	0.177906	0.39513	-0.00296394	-8.67117e-05	-0.00027806
-0.0565976	0.297876	0.362288	-0.000522537	-0.00102873	-0.000749179
0.0146703	-0.170824	-0.198031	0.00134562	0.000707576	-0.000259385
-0.0500458	0.325613	0.44904	-0.00225739	0.000368032	-0.000749179
-0.0300083	0.179767	0.432778	-0.00304919	-4.46411e-05	-0.000999179
0.0117149	-0.0295355	-0.349498	3.85108e-05	0.00203069	-0.000533484
-0.0412334	0.367785	0.700484	-0.00694604	0.000956739	-0.000749179
-0.0186936	0.13651	0.459386	-0.00475209	0.000307156	-0.000749179
-0.0296565	0.262218	0.452995	-0.00999683	0.000796805	-0.000749179
-0.0431558	0.328709	0.335598	0.000213837	-0.000330939	-0.000502185
-0.044546	0.201534	0.240496	0.00173544	6.84864e-05	-0.000749179
-0.0250408	0.0439913	0.0850144	0.00354336	-0.00131029	0.000197462
-0.0209098	0.00328987	-0.257216	0.00240245	1.88005e-05	-0.000511213
-0.0622112	0.368375	0.684336	0.000797331	-0.00152771	-0.000750548
0.0146354	-0.180634	-0.356992	0.00273075	0.00108506	-0.000170678
-0.0385583	0.306882	0.453704	-0.00273043	0.000666891	-0.000417205
-0.0287478	0.179518	0.316593	-0.000652308	-0.000242293	-0.000266355
-0.00430149	0.162694	-0.0614346	0.00228713	0.00075945	0.000366566
-0.0207396	0.137359	0.402638	-0.00187576	0.000471694	-3.60753e-05
0.00185149	0.143903	0.227993	-0.00232842	0.000364076	-0.000141156
-0.0301875	0.211913	0.404079	6.82637e-05	-3.67978e-05	-0.000141156
0.0148616	-0.0230849	-0.311806	0.00145922	0.000877579	9.06294e-05
-0.0477437	0.24503	0.358391	0.00163346	-0.00104095	-6.60809e-05
-0.0013346	-0.0732038	-0.32887	0.00112618	0.00102769	5.2613e-06
-0.0477616	0.262414	0.566668	-0.00268495	0.000386707	-0.000570848
0.0168663	-0.0187601	-0.373344	0.00103769	0.0012835	-0.000141156
-0.047239	0.464708	0.686438	-0.000135771	-0.00120433	-0.000599114
0.021995	-0.165637	-0.50084	0.00203876	0.00134776	-0.000135846
-0.048391	0.491949	0.644366	-1.597e-05	-0.000208875	-0.000916265
0.0136968	-0.0468372	-0.492238	0.00187295	0.00291864	-0.00045982
-0.0525447	0.509154	0.750444	-0.00189855	0.000287068	-0.000937888
0.0104629	0.0127612	-0.377221	0.0077094	0.00127036	-0.000282842
-0.0523014	0.350641	0.3088	0.00369053	-0.00104014	-0.000561398
-0.0257267	-0.0822189	-0.326284	0.00336526	0.00119586	-0.000329826
-0.0515844	0.245399	-0.0608917	0.0075943	0.000234673	-0.000965137
-0.047722	-0.0109663	0.252356	0.00148961	-0.00060847	-0.000921099
-0.060015	0.239074	-0.0678461	0.00589369	0.000370174	-0.00066009
0.00658127	-0.135276	-0.162111	0.000521424	0.00236139	-0.000433273
-0.058982	0.410138	0.600529	-0.0058269	0.00216284	-0.0010379
0.00454929	0.00825951	0.261364	-0.00293236	0.0014475	-0.000840931
-0.0525189	0.401095	0.542163	-0.0103386	0.00304611	-0.000717423
-0.027613	0.146671	0.5544	-0.00603811	0.00123192	-0.000966122
-0.0335106	0.319864	0.4368	-0.0124135	0.00271771	-0.000907739
-0.0303356	0.1947	0.673924	-0.00702783	0.00146517	-0.0013248
-0.0326735	0.327588	0.516326	-0.0130658	0.00255034	-0.00122674
-0.0624893	0.44767	0.729845	-0.0020532	0.000614153	-0.00130769
-0.0148295	0.203299	-0.345505	0.0158304	0.000661861	-0.000721978
-0.122607	1.22544	0.841925	0.0205626	-0.000898381	-0.00172722
-0.0938222	0.136763	0.0640923	0.021961	0.00191429	-0.00106808
-0.0291312	-0.103696	-0.447596	0.0169856	0.00335784	-0.000226126
-0.122205	0.611634	0.241125	0.015065	0.00200584	-0.0010856
-0.0423544	-0.00349592	-0.565389	0.0125372	0.00380006	-0.00062867
-0.106872	0.537516	0.0624302	0.0106961	0.00298588	-0.00110998
-0.0471287	0.159541	-0.29559	0.010888	0.00389549	-0.000750256
-0.0472171	0.0843725	-0.23921	0.00673991	0.00400836	-0.000847955
-0.0984278	0.530321	0.599899	-0.00178527	0.00457565	-0.00159199
-0.101944	0.371979	0.484627	-0.00211449	0.00350877	-0.00142532
-0.0975278	0.486512	0.501183	-0.000768979	0.00362364	-0.0016516
-0.113232	0.493447	0.380736	0.00305625	0.00341536	-0.00183542
-0.0945035	0.251424	0.431431	-0.00182873	0.00257458	-0.00106229
-0.109642	0.485011	0.451693	-0.00161763	0.00297175	-0.00129448
-0.125935	0.358829	0.814028	-0.00458612	0.00406459	-0.00135966
-0.071001	0.201476	0.588045	-0.00729943	0.00410238	-0.00115363
-0.115891	0.571351	0.812434	-0.00827826	0.00598723	-0.00153705
-0.0902704	0.315538	0.440853	-0.00392737	0.00395023	-0.00143128
-0.0919857	0.410594	0.261701	-0.00300453	0.00496441	-0.00166851
-0.100593	0.278394	0.495229	-0.0021621	0.00359482	-0.00136331
-0.125534	0.533039	0.57117	-0.00751521	0.00570457	-0.00189209
-0.153595	0.674473	1.07104	-0.00582959	0.00409537	-0.0025771
-0.110264	0.399836	0.641384	-0.00411827	0.00427411	-0.00109507
-0.109548	0.528713	0.675245	-0.0101921	0.006457	-0.00202627
-0.181578	0.689681	1.06914	-0.00359105	0.0053119	-0.00271194
-0.10688	0.568006	-0.0728316	0.0156749	0.00468139	-0.00203678
-0.153024	0.54735	0.42288	0.00811296	0.00273674	-0.00222347
-0.135775	0.210851	-0.00888934	0.00811132	0.00386983	-0.0019136
-0.127651	0.399478	-0.0528294	0.0124878	0.00363493	-0.00240693
-0.19084	0.549238	0.835157	0.00163306	0.00132346	-0.00240693
-0.108966	0.180171	0.395729	0.00213974	0.00223236	-0.00144828
-0.149057	0.589979	0.489796	-6.08782e-05	0.00374683	-0.00212054
-0.142487	0.413872	0.706177	-0.000449704	0.00196794	-0.00240344
-0.104322	0.268582	-0.179067	0.00234073	0.00622405	-0.00225954
-0.182861	0.635551	0.825685	-0.00141532	0.00456802	-0.00255219
-0.0849541	0.187659	-0.516479	0.00085787	0.00623963	-0.00180478
-0.196955	0.85973	1.0282	-0.0035145	0.00436254	-0.00344175
-0.122195	0.364639	0.624195	-0.0017024	0.00424326	-0.00166341
-0.124417	0.742673	0.0651602	0.0195127	0.00381468	-0.0026113
-0.143716	0.648092	0.203228	0.0182206	0.00205455	-0.0017424
-0.124557	0.248169	-0.151687	0.0171702	0.00491589	-0.00135179
-0.173011	0.597465	0.0934751	0.0164914	0.00402909	-0.00257506
-0.178275	0.847561	0.812127	0.0132126	0.00120372	-0.0029415
-0.0841142	0.0632642	-0.586169	0.0161773	0.00729575	-0.00164225
-0.182214	0.703917	0.413417	0.0114702	0.00516795	-0.00268177
-0.151743	0.614381	0.446874	0.0115174	0.00315319	-0.00293375
-0.123952	0.407546	-0.285411	0.0142075	0.0070967	-0.00216988
-0.147874	0.611634	0.174271	0.00995965	0.00682727	-0.00278151
-0.152114	0.55486	0.387883	0.0112955	0.00496505	-0.00242986
-0.145279	0.593093	-0.0530625	0.0181009	0.00457524	-0.00279711
-0.138694	0.425718	0.0936886	0.0173238	0.00387926	-0.00235115
-0.111048	0.383323	-0.223817	0.018282	0.00440242	-0.00229101
-0.189787	0.637345	0.371597	0.0180148	0.00310405	-0.00308475
-0.118811	0.122451	-0.361385	0.0148204	0.00502216	-0.00215296
-0.19699	0.665756	0.261277	0.0140802	0.00420756	-0.00301485
-0.133511	0.329714	0.12802	0.0092913	0.00672225	-0.00218445
-0.154124	0.487882	0.394838	0.00182056	0.00364658	-0.00240323
-0.159299	0.461095	0.808407	-0.00158957	0.0030092	-0.00210451
-0.0935271	0.293118	0.497392	-0.00413733	0.00364684	-0.0015276
-0.171401	0.71465	1.08095	-0.0068637	0.00539831	-0.00276097
-0.105003	0.338011	0.607837	-0.00277143	0.00383373	-0.00151272
-0.120494	0.577235	0.678948	-0.00685899	0.00637504	-0.00217704
-0.18586	0.77105	1.1113	-0.00224232	0.00554229	-0.00360707
-0.0815059	0.209586	0.74164	-0.000915834	0.00313988	-0.00134608
-0.125436	0.741201	0.131777	0.0151529	0.00488725	-0.00220979
-0.115587	0.222797	-0.165659	0.0112156	0.00584506	-0.00149416
-0.109494	0.484418	-0.183613	0.0178992	0.00576426	-0.00198774
-0.221899	0.900672	0.923633	0.0131326	0.00156074	-0.00283739
-0.125854	0.313635	0.111438	0.018051	0.00730275	-0.00135211
