-0.000103327	-0.136492	-0.181807	-0.00265559	-0.000617928	5.41244e-05
-0.00464285	-0.117286	-0.142263	-0.00245518	-0.00062785	0
-0.00247488	-0.116094	-0.131967	-0.00269319	-0.000590057	0.000152394
-0.0070057	-0.0510076	-0.0856047	-0.0026106	-0.000790938	-8.56423e-05
0.00341611	-0.074257	-0.0963959	-0.00284703	-0.000579389	0
0.00897874	-0.102674	-0.102593	-0.00251835	-0.000339165	1.05879e-22
0.00424134	-0.0570797	-0.0963597	-0.00214467	-0.000199455	0
0.0133449	-0.0064965	-0.075769	-0.00210858	-0.000389716	0.000156231
0.00540762	-0.0726374	-0.0857762	-0.00160549	-0.000233034	0.000265958
0.00775818	-0.064526	-0.0702163	-0.001563	-0.00029862	0.000131447
0.00807201	-0.0331763	-0.0804629	-0.001563	-0.000273126	0
0.00386342	-0.0310585	-0.0541939	-0.00127252	-0.000538196	0
-0.00660195	0.00631284	-0.034164	-0.000995908	-0.000364267	0
-0.0037735	-0.0611056	-0.0230828	-0.000469701	-0.000772036	0
0.00235939	-0.0133586	-0.0265399	-0.000514203	-0.000546327	0
-0.00107483	-0.0122574	-0.0292002	-0.000733312	-0.000281219	0.000121752
0.015528	-0.00645167	-0.0147721	-0.000655661	-0.000136932	0
0.00185066	-0.036884	-0.0319463	-0.000212408	-0.0003561	0
0.0151132	-0.0270833	-0.0578429	-0.00062211	0.000102054	0
0.0164223	0.0210598	-0.0110926	-0.000212408	0.000102054	0
-0.00638578	0.00178722	-0.00118648	-0.000627376	0.000102054	-0.00017029
-0.0118205	-0.0179456	-0.00389188	-3.47779e-05	-0.00039926	1.65436e-24
-0.00140305	0.0437081	0.022466	-0.000176447	0.000102054	0
0.000910149	-0.00411819	0.00464585	-0.000753795	-2.12854e-05	0
-0.00940557	0.00639612	0.0125757	-0.000181511	-0.000162216	0
-0.00951138	0.0270143	0.03762	5.90783e-05	-5.14417e-05	0
-0.00843764	0.00897329	0.026106	3.54589e-05	0.000102054	0
-0.00802989	0.0590481	0.0255306	-4.96211e-05	3.47612e-05	-8.72888e-05
-0.00872908	0.02206	0.0420281	0.000246722	-1.19362e-05	-0.000428855
-0.0157702	-0.00147885	0.0427059	0.000603603	-2.44142e-05	-0.000428855
-0.00855266	-0.00220071	0.0323273	0.000545194	0.000102054	-0.000278305
-0.00233309	0.0694834	0.02897	-0.000283213	0.000102054	-0.000428855
-0.00745925	0.0388522	0.0650029	0.000473562	-0.000244958	-0.00010432
-0.00113506	0.0303253	0.0529304	0.000722153	0.000102054	-0.000257482
-0.00720978	0.0152972	0.0205245	0.000917832	0.000102054	-0.000188909
-0.00558247	0.078669	0.0331114	0.000917832	0.000169641	-0.000227777
-0.0162859	0.0508226	0.0562119	0.00123306	0.000102054	-0.000428856
-0.00767557	0.00623884	0.0424899	0.00156439	0.000102054	-0.000428856
-0.0101854	0.0549227	0.0457196	0.00102809	0.000102054	-0.000428856
-0.00933814	0.0741339	0.055441	0.000959922	0.000216715	-0.000428856
-0.00265453	0.0435097	0.069266	0.00157991	0.000102054	-7.73352e-05
-0.00213595	0.0474182	0.0486136	0.00131493	0.000102054	-0.000278143
-0.00399321	0.0770051	0.0798624	0.00106863	0.000405387	-0.000259743
-0.0433545	0.0206001	0.0241909	0.00180116	-0.000294615	-0.000870344
-0.0180684	-0.24851	-0.308322	-0.00452517	-0.000684123	0.0010829
-0.0147834	-0.0126282	-0.242047	-0.00935809	-0.00048501	0.00134255
-0.00108413	-0.498168	-0.440816	-0.00856061	-0.000984221	0.000736001
0.00601484	-0.126538	-0.254676	-0.00504006	-0.000289532	0.000507553
0.00598701	-0.0553092	-0.205278	-0.00373718	-0.000300097	0.000564711
-0.0102049	-0.0744858	-0.163906	-0.00263435	-0.000423768	0.000317043
-0.0226899	-0.0871016	-0.142198	-0.001921	-0.000423768	0.000459466
-0.000763894	-0.0158441	-0.124528	-0.00174681	0.000451295	0.000459466
0.0116733	0.035208	-0.082566	-0.00178314	0.0001965	0.000459466
0.00117144	8.8558e-05	-0.0617399	-0.00165095	4.1743e-05	0.000176081
0.0155919	-0.0138213	-0.076263	-0.00095422	8.36259e-05	0.000459466
0.00470608	-0.0073576	-0.0658848	-0.00113412	-5.81551e-05	0.000459466
0.0147851	0.0358286	-0.0476043	-0.00148498	9.12258e-05	0.000459466
-0.00999629	0.0140772	-0.0229613	-0.00138403	-0.000423768	0.000459466
-0.0138033	0.0202817	-0.0242968	-0.00107977	-0.000423768	0.000459466
-0.0220077	0.0290379	-0.0306929	-0.000624339	-0.000423768	0.000459466
-0.00860978	0.0579084	-0.0695501	-0.000627732	0.000279872	0.000308202
-0.0360141	-0.00494951	-0.0546922	-0.00157362	-0.000423768	0.000459466
-0.0157634	0.0724646	-0.0200891	-0.00102623	-0.000423768	0.000291779
-0.00794304	0.0160843	-0.0272729	-0.00034471	-0.000423768	0.000343651
0.00087876	0.0623274	-0.0258128	-0.000597851	-0.000423768	0.000459466
-0.0128558	0.0783891	0.00468657	-0.00029485	-2.2865e-05	0.000137148
-0.00323574	0.0378518	-0.0285828	-0.000427944	0.000153609	0.000459466
-0.0181968	0.0254576	-0.0526376	0.000165055	0.000194493	0.000459466
-0.0185993	0.0823191	-0.0201476	-0.000288958	-7.54272e-05	0.000193321
-0.0179382	0.0857411	0.0446195	0.000235961	-0.000121681	0.000226159
-0.0139293	0.0506386	0.0225241	0.000765427	0.000100442	0.000272262
-0.0120708	0.0919772	0.0302963	0.000234063	0.000141864	0.000111617
-0.0182757	0.134326	0.0509729	-0.000252937	-9.6789e-05	0.000264929
-0.0231871	0.0672693	0.0601999	0.000347833	-0.000423768	0.000459466
-0.0360552	0.0896192	0.0554299	0.000347833	-0.000140098	0.000272866
-0.0360141	0.15073	0.0612133	0.000347833	-0.000423769	0.000459466
-0.0360593	0.125539	0.0754134	0.000347834	-0.000423769	0.000197061
-0.0171407	0.0744098	0.0558459	0.000829255	-0.000139187	0.000459466
-0.0226163	0.111875	0.0612762	0.000926031	-0.000237192	0.000169584
-0.0215113	0.126051	0.0605473	0.000414922	-5.60958e-05	0.00016422
-0.0360972	0.150237	0.103411	0.000249914	-0.000423769	8.37518e-06
-0.0243236	0.0628886	0.0612313	0.000778641	-0.000423769	5.0861e-05
-0.0230414	0.0981952	0.0729827	0.000582912	-0.000423769	5.0861e-05
-0.012372	0.15578	0.0665731	0.000459905	-0.000423769	5.0861e-05
-0.0360503	0.125204	0.0909616	0.000696727	-0.000489979	0.0001309
-0.036058	0.0996701	0.0791716	0.00121431	-0.000585542	5.0861e-05
-0.0360649	0.125357	0.0597632	0.00131105	-0.000423769	5.0861e-05
-0.0360682	0.165842	0.0909363	0.000799706	-0.000363686	5.0861e-05
-0.0360649	0.0922222	0.102326	0.00120564	-0.000423769	5.0861e-05
-0.0477991	0.130607	0.0778238	0.00168707	-0.000544892	5.0861e-05
-0.0454301	0.139768	0.0887272	0.00116876	-0.000423769	5.0861e-05
-0.0479288	0.172817	0.0739776	0.00104049	-0.000423769	5.0861e-05
-0.0360649	0.101249	0.0917223	0.00160813	-0.000423769	5.0861e-05
-0.0445402	0.127929	0.0870233	0.00160813	-0.000423769	5.0861e-05
-0.0360649	0.162584	0.104993	0.00134482	-0.000423769	5.0861e-05
-0.0360119	0.177069	0.101818	0.00119836	-0.000423769	0.000286929
-0.0360649	0.0934033	0.107675	0.00179598	-0.000423769	5.0861e-05
-0.0360718	0.122487	0.0955734	0.0018538	-0.000276693	5.0861e-05
-0.0360649	0.148025	0.0816957	0.00184429	-0.000423769	5.0861e-05
-0.0511719	0.176167	0.106907	0.00176441	-0.000514818	0.000137974
-0.0488167	0.122972	0.127254	0.00113922	-0.00042377	5.0861e-05
-0.0360649	0.124128	0.0839184	0.00177217	-0.00042377	5.0861e-05
-0.0442154	0.148223	0.086845	0.00138213	-0.00042377	0.00023391
-0.0527389	0.191018	0.120754	0.00126111	-0.00048998	0.000450856
-0.0526431	0.110228	0.10277	0.00181506	-0.000494221	0.00010686
-0.0857024	-0.276661	-0.299915	-0.0109667	-0.000245196	0.000732937
-0.0770102	-0.351717	-0.426518	-0.0122676	-0.0020356	0.00104157
-0.0701546	-0.116122	-0.256842	-0.00647549	-0.00178956	0.000771901
-0.0306233	-0.095303	-0.172046	-0.00403646	-0.00137187	0.00112246
-0.0264194	-0.0183893	-0.126936	-0.00316765	-0.000934313	0.000683445
-0.0303662	0.039865	-0.0353826	-0.00236747	-0.000574195	0.000683445
-0.0278084	-0.0277849	-0.0532322	-0.00179768	-0.000167446	0.000683445
-0.0372425	0.050147	0.00357403	-0.00194736	-0.000265214	0.000683445
-0.0398519	0.0477308	0.00840695	-0.00191921	-0.000167446	0.000683445
-0.0467196	0.0592617	-0.00402971	-0.00164243	-0.00028286	0.000683445
-0.0537459	0.0784551	0.0332305	-0.0011385	-0.000167446	0.000683445
-0.0670807	0.0211568	-0.00609318	-0.000422223	-0.000866644	0.000683445
-0.0583295	0.112701	0.0115152	-0.00128385	-0.000167446	0.000683445
-0.0670483	0.0510994	0.0258356	-0.00161164	-0.000364829	0.000600168
-0.0670513	0.101836	0.0290038	-0.00176085	-0.000650566	0.000683445
-0.0612734	0.0259731	-0.0129012	0.000142388	-0.000796958	0.000683445
-0.0432167	0.0940212	-0.0160319	-0.00114822	-0.000167446	0.000683445
-0.0670441	0.0518817	0.00780331	-0.000380807	-0.000167446	0.000683445
-0.067104	0.104422	0.0573964	0.000164677	-0.000442972	0.000144462
-0.0671055	0.097126	0.0536484	0.000441905	-0.000167446	0.000144462
-0.0766623	0.206983	0.110683	7.25589e-05	-0.000479508	0.000144462
-0.0820736	0.0924484	0.114206	0.000213908	-0.000167446	8.52702e-05
-0.0875459	0.123521	0.0884582	0.00090436	-0.00035957	0.000144462
-0.0875392	0.159561	0.109198	0.000562314	-0.000319274	0.000144462
-0.0875183	0.195799	0.12901	0.000349881	-0.000362562	0.000212523
-0.0875127	0.130685	0.124004	0.00114216	-0.000595423	0.000144462
-0.0798628	0.13271	0.122141	0.000845083	-0.000167446	0.000144462
-0.0839735	0.211764	0.139874	0.000622893	-0.000167446	0.000144462
-0.0839496	0.119258	0.139655	0.000622893	-0.000392522	0.000144462
-0.0839532	0.192349	0.15414	0.0012983	-0.000578746	6.31759e-05
-0.101133	0.181894	0.140793	0.000637692	8.25542e-05	0.000144462
-0.0953123	0.207423	0.140565	0.000781475	-0.000167446	0.000144462
-0.101417	0.193071	0.181314	0.00125142	-0.000167446	0.000144462
-0.0958445	0.184544	0.190323	0.00154245	-0.000167446	0.000144462
-0.0839735	0.189022	0.139502	0.00104008	-0.000167446	0.000144462
-0.0839735	0.166559	0.131097	0.000774173	-0.000167446	0.000144462
-0.0941069	0.155455	0.129986	0.00122323	-0.000361921	-3.42948e-05
-0.0880502	0.170499	0.136928	0.00162191	-0.000224241	-4.02221e-05
-0.0839735	0.186627	0.159257	0.00181538	-0.000167446	0.000144462
-0.0944637	0.255567	0.201761	0.00167568	-0.000167446	-3.99954e-05
-0.102941	0.17862	0.199255	0.0020807	-0.000167446	-0.000268586
-0.100629	0.211881	0.197786	0.00190494	-8.47452e-05	-0.000268586
-0.106407	0.206614	0.202187	0.00220756	-0.000167446	-0.000268586
-0.100082	0.208929	0.195552	0.00243822	-0.000167446	-0.000107934
-0.0918207	0.25449	0.197962	0.00209676	-3.91082e-05	-0.000110005
-0.0979827	0.213266	0.248971	0.00198349	-0.000167446	3.96317e-05
-0.103731	0.206902	0.218995	0.0022594	0	0
