-0.029156	0.0284286	0.27314	-0.000864972	0.000776901	-0.000473248
-0.0252623	0.0284202	0.228934	-0.000781437	0.00057632	-0.000473248
-0.0252714	0.0454285	0.236055	-0.000896446	0.00057632	-0.00024318
-0.0252811	0.0110351	0.205774	-0.000884406	0.00057632	-0.000256523
-0.015981	0.0283851	0.174736	-0.000754032	0.00057632	-0.000312331
-0.0110432	0.0283792	0.158999	-0.00064746	0.000373741	-0.00016774
-0.0131848	0.0117433	0.146414	-0.000747879	0.00057632	-0.00017814
-0.0122565	0.0167363	0.125537	-0.00068607	0.000373753	-0.00012613
-0.00622555	0.0502144	0.140142	-0.000770578	0.00057632	-0.000242845
-0.00616352	-0.011349	0.0902701	-0.000560852	0.00057632	-0.000473248
0.00125774	0.0468814	0.0895586	-0.000692707	0.000183347	2.74715e-06
-0.00287494	-0.0447488	0.0456059	-0.00023193	0.000353005	-4.33356e-05
-0.000554495	0.00635578	0.0702446	-0.000437967	0.000109022	3.61688e-05
-0.00860865	-0.0223888	0.0463098	-0.000142994	0.000109022	-3.56943e-05
-0.00935	0.00869186	0.0293492	-0.000572737	-3.18047e-05	-1.45992e-05
-0.00848842	0.0396294	0.0596679	-0.000282649	0.000109022	-5.13496e-05
0.000228665	-0.0137685	0.020758	-0.000408692	5.24249e-05	3.35517e-05
-0.0224997	0.00540611	0.0742858	-0.000638122	0.000109022	-0.000579983
-0.0219443	-0.0263197	0.0268097	0.000361844	0.000109022	-0.000519926
-0.00605101	0.0676716	0.0620472	-0.000299989	-0.000297561	-0.000223235
-0.00611983	0.00496062	-0.0151261	0.000286337	0.000282478	0.000162535
-0.00610324	0.0263231	0.0363023	-0.000464423	0.000203107	-0.000143856
-0.00612111	0.0674259	0.0362308	-0.000331949	9.46262e-05	-0.000134792
-0.00357304	-0.000296392	0.0298739	0.000266377	0.000203107	-0.000145435
-0.00612981	0.00631131	-0.0262386	-0.000188946	0.000203107	-0.000259409
-0.00611441	0.0315829	0.0271949	3.02474e-05	0.000203107	-9.03314e-05
-0.0138811	-0.039115	-0.0100817	0.000277473	0.000203107	-0.000124896
-0.015287	0.0462006	0.0253186	0.000281096	0.000203107	-0.000124896
-0.024129	-0.0382803	0.0041225	0.000515019	-0.000104582	-0.000124896
-0.00846873	0.0386087	0.0353932	5.50892e-05	-3.72027e-05	0.000119613
-0.0114375	-0.051822	-0.0323921	0.000264148	-0.000101376	7.18824e-05
-0.00946348	0.0543518	0.00425222	-0.0001631	-1.35389e-05	-0.000124896
-0.0194017	-0.0663522	-0.0631503	0.000313045	-4.0367e-05	2.78784e-05
-0.0239542	0.00897868	-0.0171323	-0.000547163	-0.000137288	-0.000124896
-0.0239293	-0.0165649	0.00756859	7.72052e-05	-0.000176298	-0.000124896
-0.0140209	0.0358931	-0.0356374	0.00068412	-0.000121798	0.00020416
0.00833067	-0.0112564	-0.05482	0.000712851	-4.25236e-05	0.000244433
-0.00593137	0.0314308	-0.0457928	0.000240329	-0.000105205	4.19143e-05
-0.00395426	0.0400262	-0.0528128	0.000202252	-0.000105205	-0.000124896
-0.00396031	-0.0332198	-0.0466778	0.000866658	-0.000105205	0.000106939
-0.00394337	0.0379281	-0.0404854	0.000554601	-0.000105205	0.000138618
-0.00396053	-0.00645566	-0.0421745	0.000913116	-0.000161732	0.00021241
-0.00394169	0.0708907	0.00355988	0.000535524	-0.000355205	0.000121534
0.0029895	-0.000229686	-0.0714087	0.000372887	-0.000105205	0.000171269
0.010304	0.0111022	-0.0300489	0.00100694	-0.000105205	0.000196535
0.0180383	-0.00740087	-0.127074	0.000627108	-0.000105205	0.000193973
0.0138611	0.00322695	-0.0705802	0.000644126	-0.000105205	-2.13232e-05
0.0138782	0.083199	0.0226014	0.000330865	-0.000673549	6.15403e-05
0.00402814	-0.0185219	0.0138276	0.000869823	-0.000574203	0.000375521
0.0165941	0.069739	0.0126101	0.000230722	-0.000373965	0.00045356
0.013812	0.00526854	0.00647169	0.000704475	-0.000380988	0.00045356
0.0138286	0.0692231	0.0245183	3.99018e-05	-0.000626529	0.0003692
0.0138341	0.0361182	0.0241018	0.000473795	-0.000626529	0.000453559
0.0110806	0.1055	0.0448837	3.99018e-05	-0.000591333	0.000258675
0.0137999	-0.00124308	0.0164484	0.000806686	-0.000306272	3.56706e-05
0.0138331	0.104797	0.0449424	0.000196755	-0.000415789	0.000224362
0.0203722	-0.0352667	-0.0355596	0.00054674	-0.000223748	0.000209423
0.0293363	0.0559251	0.0398963	0.000350924	-0.000402765	0.00038149
0.0191918	0.116024	0.0561911	0.000115816	-0.000519254	0.000153242
0.00520352	-0.0228708	-0.0176971	0.000639116	-0.000769766	0.000334533
0.0200977	0.0896913	0.0605322	0.000254157	-0.000769766	0.000517204
0.0212076	0.0520197	0.00493265	0.000468464	-0.000769766	0.000316591
0.024135	0.110213	0.0452225	-0.000266447	-0.000769766	0.000378737
0.0181031	-0.0223213	-0.0799703	0.000595345	-0.000656122	0.000250985
0.0459102	0.0266378	-0.00784703	0.000645902	-0.000546061	0.000403403
0.0225194	0.0776814	0.00966417	-0.000324426	-0.000530188	0.00010101
-0.152419	-0.156245	-0.105514	0.00269296	0.000582231	-0.0041311
-0.18806	-0.364735	-0.462636	0.00582999	0.000790195	-0.00442652
-0.146649	0.0108129	-0.0947652	0.000134998	0.00033146	-0.00327594
-0.148013	-0.102755	-0.112358	0.000104855	0.000647205	-0.00354102
-0.139513	-0.0253164	-0.0761251	0.000678741	0.000507346	-0.00356376
-0.140277	-0.0859204	-0.0504352	0.000603451	0.000466689	-0.00314886
-0.128925	0.02059	0.0117539	0.000468136	3.72832e-05	-0.00234922
-0.124861	-0.0223795	0.0200724	0.00104793	-0.000243469	-0.00187853
-0.134765	0.0431136	0.0253595	0.000274178	-0.000264244	-0.0019979
-0.127523	-0.0333128	-0.0265116	0.000911206	-0.00054556	-0.00172301
-0.107269	0.0547068	0.0237681	0.000811248	-5.54309e-05	-0.00153798
-0.117386	0.0102311	0.0015671	0.000881639	-9.55591e-05	-0.00178158
-0.12644	0.060762	-0.00422646	0.000358776	-0.00029816	-0.0019005
-0.0856742	-0.113365	-0.203348	0.00104425	0.000107356	-0.00213869
-0.0536153	0.00826779	-0.0817535	0.000507671	-0.000813055	-0.00126986
-0.0115282	-0.0149522	-0.115003	0.000846906	-0.000461999	-0.00116086
-0.035865	0.0365799	-0.0738646	0.000190629	-0.000611897	-0.000861654
-0.0493929	5.67764e-05	-0.0987884	0.000208033	-0.00025285	-0.00145137
-0.0596844	0.100424	-0.00745212	-0.000355463	-0.000324807	-0.00153296
-0.0505989	-0.0646509	-0.122482	0.000544003	-0.000434358	-0.00169552
-0.0429379	0.0309749	-0.0293271	0.000152117	-0.000530972	-0.00129416
-0.071153	0.120654	-0.00905516	-0.000207627	-0.000425463	-0.00168341
-0.0777442	-0.0602605	-0.100388	0.000500476	-0.000455023	-0.00165301
-0.0593734	0.0742641	0.00210395	-0.000407359	-0.000523998	-0.00155617
-0.0777504	-0.00377676	-0.0939677	8.72621e-05	-0.00058626	-0.00155617
-0.0634609	0.0507622	-0.0201867	-0.000162551	-0.000639975	-0.00141568
-0.0849	0.0582608	-0.0329407	-0.000463167	-0.000738882	-0.00155617
-0.0931642	0.0475455	0.00134522	-0.000226421	-0.000891993	-0.0016531
-0.10131	0.0305759	-0.00605641	-0.000299155	-0.000497578	-0.00195649
-0.0839189	0.0812024	0.0310024	-0.000210657	-0.000891993	-0.00135603
-0.0803764	0.0313554	-0.000370025	0.000121168	-0.000891993	-0.00122615
-0.0730193	0.0668646	0.0486062	-6.43526e-05	-0.000891993	-0.000880346
-0.0759843	0.0945979	0.053168	-0.000953614	-0.000891993	-0.000888872
-0.0998934	0.0540707	0.0205609	-0.000953614	-0.000891993	-0.00149866
-0.0998901	0.0798323	0.00040122	-0.000813041	-0.000891993	-0.0013705
-0.127763	0.00985004	3.31417e-05	-0.000419639	-0.000346945	-0.00207083
-0.254847	-0.0456895	0.0541032	0.00301259	0.000382324	-0.00563299
-0.351367	-0.240618	-0.0506724	0.00470298	0.00048377	-0.00700222
-0.325312	-0.532734	-0.451569	0.00787382	0.00101861	-0.0072017
-0.291968	-0.263077	-0.391385	0.0061848	0.000901657	-0.0060875
-0.307457	-0.269624	-0.342262	0.00496372	0.00129042	-0.00592929
-0.244774	-0.150289	-0.204672	0.00535381	-0.000180047	-0.00463492
-0.159071	-0.0275891	-0.0312201	0.00568544	-0.000738476	-0.00248181
-0.170227	0.0674156	0.118409	0.00519708	-0.000783723	-0.00137959
-0.120605	-0.0528306	-0.0881191	0.00432522	-0.00146782	-0.000964062
-0.0722554	-0.0740697	-0.14883	0.0037544	-0.00113069	-0.000465822
-0.0629152	-0.0424179	-0.141113	0.00304826	-0.000877071	-0.000248164
-0.054945	-0.0965371	-0.242908	0.00221795	-0.000735689	-0.000734679
-0.08259	-0.000441535	-0.146071	0.00202862	-0.000996041	-0.000734679
-0.0790185	-0.0849276	-0.248078	0.00247331	-0.00130887	-0.000524272
-0.00864982	-0.0875345	-0.296657	0.0023917	-0.0012573	-0.000211068
0.0104613	-0.0179488	-0.169456	0.001811	-0.00115786	-6.80721e-06
0.00262759	-0.0311305	-0.181785	0.00188152	-0.00124261	8.61106e-05
-0.0200345	-0.047125	-0.191811	0.00197288	-0.00117865	-0.000278237
-0.0644814	0.031508	-0.161533	0.00168792	-0.000973674	-0.000966072
-0.0918305	-0.0952634	-0.227964	0.00239013	-0.000449188	-0.00136945
-0.0919541	-0.0144087	-0.150973	0.00246841	-0.000913887	-0.00117327
-0.0919128	-0.123271	-0.263188	0.00289955	-0.000560331	-0.00116907
-0.03505	-0.0190119	-0.126744	0.00264125	-0.000913887	-0.000376676
-0.0269742	-0.0223974	-0.186421	0.002119	-0.000700735	-0.000241919
-0.0475497	-0.0678867	-0.237186	0.00291784	-0.000970249	-2.80937e-05
-0.0351804	0.0191756	-0.0796391	0.001819	-0.00128466	0.000493304
-0.0521824	-0.0096241	-0.132229	0.00180311	-0.00113522	0.000343271
-0.040951	0.035355	-0.0715846	0.0015327	-0.00118546	0.000411069
-0.0306524	0.0211503	-0.112604	0.000666507	-0.00139902	0.000388828
0.023739	-0.0574855	-0.244115	0.00143903	-0.0012597	0.000589417
0.100917	0.0464304	-0.0644353	-0.000455421	-0.00180227	0.00160318
0.125907	-0.0283	-0.147579	0.000358662	-0.00165901	0.00172256
0.129411	0.0609712	-0.0260277	-0.00105696	-0.00191609	0.00184534
0.169021	-0.0350844	-0.18149	0.000600734	-0.00189526	0.00212995
0.178516	0.109993	0.00819551	-0.000875125	-0.00161509	0.00214788
0.072737	0.110034	-0.0395774	8.1386e-06	-0.00132323	0.000839833
0.0093215	-0.113142	-0.177672	0.00150964	-0.0014947	9.68145e-06
-0.00984426	-0.0028692	-0.137704	0.00143084	-0.00096132	-0.000237392
-0.0226964	-0.0876341	-0.169618	0.00206397	-0.000778975	-0.000619859
-0.0334057	-0.0568659	-0.167829	0.00163947	-0.00103892	-0.000899162
-0.0367388	0.000159237	-0.135019	0.00187008	-0.000950765	-0.000636949
-0.0480214	-0.0802856	-0.146394	0.0022649	-0.000927225	-0.000899162
-0.050247	0.00828629	-0.115765	0.00208885	-0.000985967	-0.00073285
-0.0498895	-0.00858722	-0.0622986	0.00205726	-0.000879402	-0.00070545
-0.0557181	-0.067866	-0.084163	0.0023603	-0.000896887	-0.000548172
-0.044995	0.0499631	-0.044384	0.00247561	-0.000961848	-0.000394192
-0.0622618	-0.0286788	-0.0504989	0.00281747	-0.000969182	-0.000616624
-0.0447256	0.0491709	-0.0607654	0.0023449	-0.000995305	-0.000370925
-0.0393579	-0.0735693	-0.144473	0.00291952	-0.000914868	-0.000474529
-0.0186973	0.0787082	-0.0278071	0.00202319	-0.000875148	0.00016895
