0.0269405	0.00606619	-0.012967	-0.000745731	0.000589537	0.000608595
0.0269551	-0.0190541	-0.0409292	-0.000880423	0.000541618	0.000719875
0.0269376	-0.0146408	-0.00387728	-0.000745731	0.000280467	0.000643317
-0.0170903	0.0341085	0.0695992	-0.000893495	0.000229594	0.000550589
0.000164656	0.0133757	0.0334534	-0.000802257	0.000277058	0.000550589
0.0164317	0.00571769	0.0137265	-0.000678085	0.000248469	0.000550589
-0.0141091	0.0179722	0.0408882	-0.000676575	0.000298839	0.000550589
-0.00365475	0.0314769	0.0386682	-0.000897398	0.000413954	0.000550589
0.00380482	0.0446828	0.0438163	-0.000504768	0.000335489	0.000216814
0.00643144	0.0191528	0.0508907	-0.000407545	0.000338502	0.000143612
-0.004249	0.00443037	0.0236774	-0.000618599	0.000368402	0.000550589
-0.000490054	0.0173329	0.00209112	-0.000716493	0.000332011	0.000231121
-0.00240563	0.0102448	0.0222678	-0.000407545	-0.000267423	0.000550589
0.00672046	0.0102414	0.0360737	-0.00044807	0.000210823	0.000550589
0.0071017	0.0176561	0.0158669	-0.00086286	0.000351883	0.00037444
0.00659306	0.0102033	0.0178696	-0.00111286	0.000156524	0.000550589
0.00220713	0.0102083	0.0198834	-0.000812817	0.000156524	0.000550589
0.00350834	0.0102171	-0.00278561	-0.000572535	0.000246536	0.00036474
0.014774	-0.00341739	-0.0418241	-0.000589461	0.000590795	0.000290441
0.0200505	0.0227306	0.00405856	-0.000874256	0.000453068	0.000190045
-0.0118989	-0.0143723	0.0104863	-6.17086e-05	2.10583e-05	-6.35691e-05
-0.0118937	-0.0143766	0.00882029	0.00016226	-0.000400143	-6.35691e-05
0.0106366	-0.0219367	-0.0207526	0.00154633	-0.000150143	-0.000324475
0.0250901	0.0239141	0.0268543	0.000717924	-0.000275941	-0.000172745
0.0250721	0.040228	0.035655	0.000717924	-0.000150143	-0.000513451
0.0278385	0.0239258	0.035655	0.000717924	-0.000150143	-0.00047782
0.0250654	0.0239208	0.0178612	0.000545289	1.08055e-05	-0.000477821
0.0250584	0.0239094	0.0131612	0.00039013	0.000252099	-0.00047782
0.0316264	0.0238884	-0.0161554	0.000533973	0.000252099	-0.000477821
0.0334957	0.0261991	-0.019188	0.000532268	0.000252099	-0.000477821
0.0250626	0.023918	0.0141361	0.000597866	4.64919e-05	-0.00047782
0.0250597	0.0239228	0.0137778	0.000750719	0.00012453	-0.000477821
0.0250819	0.014037	-0.00257276	0.000392997	0.000140733	-0.000477821
0.0291463	0.000333804	-0.0120889	0.00043183	0.000140733	-0.000477821
0.0326646	0.0109017	0.00647893	0.000500719	0.000140733	-0.00042339
0.0250819	0.0121843	-0.0166186	0.000809353	0.000140733	-0.000477821
0.0356309	0.0172363	-0.00363924	0.00053702	0.000140733	-0.000477821
0.0367924	0.00031434	0.00409476	0.000530742	0.000140733	-0.000477821
0.0370484	0.00893272	0.0172629	0.000629514	0.000140733	-0.000477821
0.0361704	0.0404331	0.0164071	0.000560193	0.000154209	-0.000531924
0.0347893	-0.0162259	0.0210972	0.000413154	0.000211551	-0.000477821
0.03991	-0.00624889	-0.00103307	0.000578727	0.000320934	-0.000590591
0.0320485	0.0164641	-0.00692808	0.000820134	0.000251721	-0.000477821
0.0419699	0.0164525	-0.00919079	0.000993211	0.000320934	-0.000477821
0.0446001	0.00659598	-0.00993438	0.0010679	9.1985e-05	-0.000477821
0.0528154	0.016473	0.00423757	0.0011858	0.000159517	-0.000724785
0.0480635	0.0223297	0.00423726	0.00124929	0.000179055	-0.000730646
0.0560277	0.0165026	-0.0122836	0.00100417	0.000320934	-0.000740882
0.0560352	0.00658123	0.00428376	0.00112431	0.000320935	-0.000645038
0.0560377	0.000190283	0.00189038	0.00103728	0.000320935	-0.000692564
0.0560372	0.0164876	-0.0132792	0.000691081	0.000320935	-0.00062316
0.0560356	0.01649	-0.00373913	0.000913206	0.000320935	-0.000650901
0.0538862	0.0164957	0.0125056	0.00118401	0.000320935	-0.000654632
0.0560368	0.00745555	-0.000271364	0.00120531	0.000320935	-0.00071733
0.0532454	0.0129203	0.00304865	0.000960773	0.000320935	-0.000756098
0.0580729	0.0169261	-0.000932533	0.000998487	0.00050808	-0.000832593
0.059127	0.0116456	-0.000672184	0.0011235	0.000320935	-0.000674554
0.0560347	0.0198435	-0.00457889	0.000962037	0.00048329	-0.000723137
0.0560383	0.0192278	-0.00897595	0.000924402	0.000494178	-0.000680411
0.0560378	0.0138293	-0.00548425	0.000844812	0.000567767	-0.000802604
0.0560344	0.0131506	0.00155186	0.00105626	0.000750322	-0.000978238
0.0560395	0.00467817	0.010147	0.00104337	0.000416748	-0.000978238
0.0560406	0.00958821	-0.000580128	0.000870109	0.000404836	-0.000978238
0.056039	0.0212944	0.0228748	0.0010526	0.000392272	-0.000978238
0.0561329	0.0672855	0.0579335	0.000935024	-0.000324126	-0.000419354
0.0415791	-0.00643952	-0.012892	0.00285981	-0.000663798	-0.000978238
0.0479187	0.0282792	0.0451445	0.00120417	0.000354547	-0.00138681
0.0447394	0.0512521	0.0406774	0.00102834	0.000121303	-0.00138681
0.0559287	0.0540054	0.0474016	0.00110774	0.000559417	-0.00138681
0.0464494	0.0382543	0.0434439	0.00105873	0.000534031	-0.00138681
0.0559507	0.0283063	0.0434181	0.00101811	0.000121303	-0.00138681
0.0559268	0.0282953	0.0434644	0.00106497	0.000813282	-0.00138681
0.0496195	0.0349774	0.0434773	0.000319752	0.000429842	-0.00116614
0.0559493	0.0420778	0.0434856	0.00038451	0.000588065	-0.00121843
0.0657815	0.0621859	0.0734086	0.000667779	0.000334973	-0.00138681
0.0582577	0.0458478	0.0567673	0.000802567	0.000496034	-0.00138681
0.055964	0.040989	0.0665549	0.000976732	0.000334973	-0.00138681
0.0538796	0.0597347	0.0810222	0.000798857	0.000334973	-0.00138681
0.0559554	0.0705759	0.0850866	0.000663278	0.000404094	-0.00138681
0.0627103	0.0664835	0.0934096	0.000505798	0.000334974	-0.00127913
0.0513646	0.0435897	0.0452293	0.00169241	0.000334974	-0.00138681
0.0394388	0.00813721	0.0490051	0.00102544	0.000334974	-0.00161757
0.0445438	0.0576198	0.0714447	0.00021558	0.000334974	-0.00138681
0.055964	0.0576987	0.0630563	0.00102031	0.000334974	-0.00138681
0.055964	0.0577495	0.0764307	0.00136396	0.000334974	-0.00138681
0.055964	0.0653282	0.075042	0.00118329	0.000334974	-0.00138681
0.0559546	0.0577288	0.0869585	0.00107006	0.000334974	-0.00150609
0.0559547	0.0577231	0.0700807	0.00113243	0.000334974	-0.00149791
0.0559572	0.053632	0.0558188	0.00112318	0.000424331	-0.00138681
0.0559584	0.046128	0.0850412	0.00141127	0.000401761	-0.00138681
0.055964	0.0577646	0.0940795	0.00132905	0.000334974	-0.00138681
0.0349799	0.0577622	0.0916369	0.00120623	0.000373786	-0.00170523
0.0488271	0.057686	0.0837791	0.00105834	0.000242071	-0.00148685
0.0419402	0.0511367	0.0584709	0.00088259	0.000284343	-0.00165289
0.0383382	0.0400052	0.0785903	0.00112444	0.000173346	-0.00163187
0.0463179	0.040952	0.0873991	0.000984291	-6.74143e-05	-0.00138681
0.0401345	0.0577143	0.0934684	0.000805963	0.000345029	-0.00169866
0.0401448	0.0796204	0.140664	0.000998637	-6.74143e-05	-0.00179083
0.0365654	0.0826704	0.119667	0.00109856	0.000106125	-0.00179083
0.0391283	0.0577942	0.127342	0.0011827	0.000115474	-0.00179084
0.0413184	0.0550057	0.121034	0.000991723	-6.74144e-05	-0.00169341
0.0417094	0.057773	0.121026	0.00107176	-6.74143e-05	-0.00179084
0.0407662	0.074003	0.13178	0.00104031	-6.74143e-05	-0.00179084
0.0368324	0.0906812	0.164421	0.00111167	-6.74143e-05	-0.00179084
0.0336019	0.0907368	0.151737	0.00127933	-6.74143e-05	-0.00179084
0.0322742	0.0907982	0.151669	0.00151904	-0.00011932	-0.00179084
0.0270853	0.10681	0.15168	0.00137749	-0.000223278	-0.00179084
0.0271084	0.142519	0.188461	0.00166731	-0.000481483	-0.00188291
0.0201796	0.120939	0.221185	0.00218199	-0.000776134	-0.00190248
-0.0139349	0.10151	0.159717	0.00516113	0.00122671	-0.00297952
-0.021889	0.140592	0.24032	0.00403213	-2.31251e-05	-0.00393369
-0.0215545	0.162872	0.250333	0.00317827	-0.000679439	-0.00312103
-0.00746196	0.152179	0.233541	0.00345401	-0.000249885	-0.00321321
0.00333933	0.152886	0.27123	0.00351141	-0.000333109	-0.00331311
0.00343965	0.162154	0.271192	0.00368362	-0.000665461	-0.0032178
0.00334458	0.160913	0.287804	0.00360446	-0.000415461	-0.00331311
0.00329975	0.17672	0.269521	0.00352395	-0.000236286	-0.00331311
0.00298402	0.112157	0.287915	0.0021029	0.000910481	-0.00331311
0.0351064	0.110644	0.266004	0.00192297	0.000262125	-0.00276823
0.0674251	0.0856105	0.242597	0.000796375	0.000102867	-0.0023827
0.0527693	0.114238	0.272026	0.000796375	-5.50592e-05	-0.00302444
0.0290301	0.126957	0.320311	0.000554863	0.000642565	-0.00355766
0.00880751	0.142914	0.358299	0.000237141	0.000440262	-0.00403629
0.00508264	0.164108	0.380838	0.000199478	0.000406722	-0.00438246
-0.00355048	0.132382	0.376872	0.000934594	5.56681e-05	-0.00465342
0.0077714	0.153042	0.397757	0.00262662	-4.20645e-05	-0.00519194
-0.0215471	0.240076	0.442168	0.00218717	-0.00023233	-0.0059825
-0.0294863	0.212487	0.43817	0.00224613	0.000650165	-0.00627337
-0.0213712	0.170599	0.362556	0.00173662	-0.00036308	-0.00523565
-0.0216458	0.19809	0.389993	0.00148234	0.000332335	-0.00534405
-0.0217338	0.206931	0.406162	0.00120752	0.000369801	-0.00560276
-0.0382922	0.197634	0.431956	0.000270586	0.000903023	-0.00560276
-0.0219751	0.197532	0.448511	5.50421e-05	0.000727652	-0.00586672
-0.00693581	0.207878	0.44144	-0.000380521	0.000655289	-0.00589832
-0.0255088	0.241896	0.506724	0.000215637	0.000107845	-0.00655381
-0.0381107	0.268054	0.571105	0.000148837	-0.00105509	-0.00676165
-0.0340828	0.290705	0.590727	-4.99823e-05	-0.000658638	-0.00616663
-0.0398091	0.290815	0.581776	0.0002609	-0.000241265	-0.00637338
-0.0611134	0.261347	0.555662	-4.99823e-05	-0.000379119	-0.00659924
-0.0537434	0.291109	0.610485	0.000574618	-0.000163894	-0.00696103
-0.0537181	0.301074	0.601493	0.000671276	-6.33864e-06	-0.0066544
-0.0539973	0.306074	0.621377	2.56487e-05	0.000182364	-0.00711203
-0.0698808	0.29072	0.630096	-4.99823e-05	-0.000431633	-0.00712867
-0.0704065	0.302806	0.632692	0.000406469	-0.000128354	-0.00695371
-0.0691181	0.302271	0.620573	8.93379e-05	0.000199227	-0.00720012
-0.0702958	0.306487	0.620648	-4.99823e-05	-7.01943e-05	-0.00704873
-0.0708943	0.290925	0.620532	0.000269055	-2.35134e-05	-0.00691392
-0.0704905	0.313353	0.647307	0.000314169	0.000542448	-0.0074349
-0.070547	0.310521	0.609595	0.000291643	0.000686015	-0.0074349
-0.0701883	0.308939	0.627866	0.000157965	0.000160625	-0.00721943
-0.0797974	0.31039	0.580632	0.000952926	-8.02665e-05	-0.00704281
-0.0640735	0.267398	0.594741	0.00605909	9.42024e-05	-0.00688899
