0.00782136	-0.0995418	-0.0696229	0.0012988	0.00113708	-0.000417504
0.013478	0.0566207	0.0147164	0.000451431	0.00125118	-0.000306102
0.00834558	0.00524178	0.0216118	0.000934634	0.00123102	-0.000417504
0.00257823	0.00964128	0.0578382	0.000250853	0.00110745	-0.000417504
0.00664894	0.0424503	0.0548119	-0.000403134	0.00110745	-0.000314008
0.00608163	0.0640632	0.100081	-0.000383952	0.000860466	-0.000166576
0.0038058	0.0548728	0.0950816	-0.000282386	0.000769759	-0.000246045
0.00379271	0.0405641	0.0751796	-0.000447979	0.000592781	-8.74122e-05
0.000133028	0.0578077	0.08264	-0.00037575	0.000554684	-0.000117786
0.00356614	0.0623963	0.0908227	-0.000309574	0.00067481	-0.000126928
0.000133143	0.0531858	0.107625	-0.000233874	0.000706229	-8.41356e-05
0.000167092	0.0667666	0.0856675	-0.000510242	0.000442203	-1.56673e-05
-0.0111059	0.0821106	0.0983427	-0.000726182	0.000442203	-3.52146e-05
0.000175683	0.0849401	0.144175	-0.000380356	0.000442203	8.01513e-05
0.000173441	0.0661803	0.132275	-0.000786711	0.000442203	-9.50054e-06
-0.0168398	0.0666257	0.122277	-0.000698661	0.000286921	8.47623e-05
-0.0153581	0.103913	0.142583	-0.00094363	0.000214272	0.000224052
0.000222317	0.0972449	0.156529	-0.000734289	0.000259313	0.000175393
0.000186131	0.060477	0.140273	-0.000757411	0.000242488	0.000216291
-0.011007	0.0558326	0.0809922	-0.00166977	0.000197428	1.86702e-05
-0.00297454	-0.00425421	-0.044433	4.29596e-06	0.000442204	-0.000239138
-0.00657584	0.0373827	0.0597865	-0.00119358	0.000120815	-8.12653e-05
-0.00553817	0.0343449	0.078068	-0.00139907	0.000132214	-6.40318e-05
-0.00171279	0.0777505	0.102678	-0.00177654	2.63831e-05	6.17165e-05
-0.00835741	0.0840352	0.169717	-0.00149597	-5.37679e-06	0.000145991
0.000511635	0.0932308	0.140807	-0.00154037	3.28247e-05	4.50169e-05
-0.00481229	0.0633364	0.15296	-0.0014572	3.59889e-05	0.000209254
-0.0013856	0.0818364	0.134295	-0.0021885	-3.26613e-05	0.000227235
-0.00777114	0.109667	0.196999	-0.00194471	0.000111174	0.000227189
-0.00363265	0.0951295	0.204075	-0.00173975	0.000139653	0.000167139
-0.00685424	0.0915705	0.170016	-0.00158521	0.000149174	0.000238985
-0.0073587	0.113109	0.185979	-0.0021559	9.63992e-05	0.000184386
-0.00191167	0.107036	0.222201	-0.00232774	1.02724e-05	0.000109663
0.00023979	0.136853	0.221302	-0.00167701	0.000173729	0.000211618
-0.00359037	0.100077	0.2014	-0.00193369	8.21872e-05	0.000222054
0.00249849	0.103864	0.191466	-0.00209385	0.000146846	9.51568e-05
0.00954813	0.118287	0.196676	-0.0025111	0.000442204	9.03879e-05
0.00960114	0.123459	0.210727	-0.00252177	0.000225634	0.000126483
0.0210049	0.130175	0.203125	-0.00217223	0.000442204	-4.29302e-05
0.0232406	0.116772	0.209236	-0.00239978	0.000442204	-0.000119734
0.0165516	0.121735	0.189032	-0.00306025	0.0003867	-6.86475e-05
0.0168848	0.144873	0.229738	-0.00291968	0.000442204	1.72855e-05
0.0182663	0.0864457	0.200793	-0.00256702	0.000442204	-1.30113e-05
0.0178733	0.124203	0.191236	-0.0030457	0.000442204	-0.000130846
0.0188997	0.196215	0.202609	-0.00297821	0.000335417	-0.000117432
0.0297152	-0.0491836	-0.0498565	0.00366158	0.000442204	0.000344033
0.029662	0.130629	0.115381	-0.00189438	0.000234107	-0.000202164
0.0296404	0.0490258	0.142898	-0.00125005	0.000442204	-0.000102839
0.0296278	0.0407829	0.113911	-0.00132304	0.000442205	-0.000157977
0.02963	0.0755861	0.145378	-0.00156586	0.000442205	-3.90405e-05
0.0296723	0.0853453	0.203387	-0.00155904	0.000317807	6.84085e-05
0.0296443	0.105109	0.205152	-0.00167679	0.000442205	7.69317e-05
0.0296183	0.0787736	0.174294	-0.00168289	0.000442205	2.21157e-05
0.0296499	0.0750218	0.169427	-0.00186365	0.000329216	1.21488e-05
0.0297121	0.17495	0.142907	-0.00221573	0.000209017	0.000127685
0.0296151	0.0254502	0.0756334	-0.00171074	0.000442205	5.44849e-05
0.0296307	-0.00282937	0.130089	-0.001093	0.000250305	0.000131236
0.0214745	0.108423	0.144073	-0.00195238	0.00022637	7.52188e-05
0.0225876	0.0784506	0.197531	-0.00183598	0.000104973	0.000146439
0.0296015	0.102595	0.180255	-0.0017032	0.000209328	4.02947e-05
0.0295667	0.070654	0.150203	-0.00168774	0.000442205	7.63995e-05
0.0296035	0.0834816	0.166324	-0.00200116	0.000213042	0.000167756
0.0295578	0.0969306	0.167379	-0.00230841	0.000442205	9.30731e-05
0.0238922	0.0810247	0.196109	-0.00224833	0.000442205	-2.99241e-05
0.029527	0.0953734	0.179682	-0.00216555	0.000442205	-4.7089e-05
0.0360265	0.0343979	0.0951989	-0.00221957	0.000442205	-0.000473504
0.0295694	0.0681645	0.102451	-0.00305993	0.000442205	-0.000177351
0.0181468	0.0824787	0.160613	-0.00316214	0.00024577	-2.41945e-05
0.0118218	0.136608	0.197986	-0.00244212	3.71673e-05	-8.63208e-05
0.0203775	0.0940541	0.145062	-0.00274878	0.000133519	-9.56805e-05
0.0296192	0.109795	0.126821	-0.00318397	-4.56208e-05	-2.41945e-05
0.0295801	0.097091	0.149428	-0.00300047	-4.56208e-05	-0.000417729
0.029531	0.0623759	0.130187	-0.00284211	0.000359433	-0.000418597
0.0295791	0.0497678	0.094859	-0.00267171	0.000212801	-0.000257686
0.0295822	0.0729231	0.106555	-0.00338693	0.000219575	-0.000162988
0.0236335	0.0802	0.162776	-0.00351982	-4.56208e-05	-0.000168703
0.0295807	0.0787134	0.13599	-0.00309172	0.000250077	-0.000298236
0.0160775	0.0654195	0.122922	-0.00315225	0.000139413	-0.000128386
0.0157021	0.114957	0.155582	-0.00359843	1.81019e-05	-0.00014466
0.0295618	0.0604465	0.132552	-0.00312776	-4.56208e-05	-0.000420068
0.0329984	0.0715077	0.0934896	-0.00298093	-4.56208e-05	-0.000396075
0.0576887	0.0573449	0.0792991	-0.00333013	0.000386973	-0.000551395
0.0442168	0.103477	0.164414	-0.00305326	0.000572878	-0.000478799
0.057694	0.00587775	0.0455739	-0.00254506	0.000457298	-0.000533132
0.0253342	0.149312	0.160927	-0.00375327	0.000246341	-0.000478799
0.0253526	0.0442009	0.0994324	-0.00305245	0.00038547	-0.000478799
0.0207142	0.101312	0.133154	-0.00346956	-4.56208e-05	-0.000160222
0.0253336	0.144469	0.158435	-0.00387343	0.000140099	-0.000330782
0.0325971	-0.0660483	-0.0199565	-0.000877369	0.000364208	3.3712e-05
0.0339585	0.108206	0.00525413	-0.000616962	0.00029749	1.98178e-05
0.0356572	0.0463585	0.113534	-0.00122914	0.000323238	-0.000256221
0.0334403	0.00890091	0.0861211	-0.00198898	0.000497324	-0.000226941
0.0310474	0.0553804	0.0705171	-0.00243804	0.000400359	-4.25079e-05
0.0308295	0.0286198	0.116834	-0.00225909	0.000237477	3.38186e-05
0.0292129	0.0764799	0.144551	-0.00166913	0.000260242	-3.37591e-05
0.0252817	0.0656985	0.14177	-0.00175261	0.000301547	-9.17982e-05
0.0252945	0.0637825	0.169911	-0.00213773	0.00025528	8.81193e-05
0.0252811	0.085725	0.162337	-0.00258815	0.000276127	-0.000330782
0.0252519	0.116642	0.22622	-0.00252725	0.000384476	-4.17237e-05
0.0252945	0.0997934	0.214543	-0.00250122	0.000278706	-0.000330782
0.022806	0.106492	0.19938	-0.00266352	0.000209572	-0.000206684
0.0253263	0.0981241	0.179527	-0.00279116	0.000222077	-3.6674e-05
0.028217	0.116948	0.159113	-0.00343452	0.000250689	-0.000330782
0.0387785	0.0581907	0.118776	-0.00321858	0.00036297	-0.000330782
0.0390238	0.0550802	0.107388	-0.00289978	0.000388469	-0.000279145
0.0253232	0.178809	0.176464	-0.00342339	0.000289162	-0.000330783
0.0253622	0.0870534	0.172818	-0.00272129	-4.56209e-05	-0.000330783
0.0253434	0.0713321	0.0963013	-0.00280677	0.000244406	-0.000330783
0.0291717	0.122577	0.169123	-0.0033762	7.75889e-05	-0.000330783
0.033918	0.0954273	0.152559	-0.0028412	0.000366427	-0.000330783
0.0362483	0.0858593	0.113139	-0.00309335	0.000413318	-0.000426374
0.0346265	0.108807	0.137702	-0.00384052	0.000320429	-0.000330783
0.0363617	0.0927342	0.146306	-0.003271	0.000378187	-0.0004679
0.0378155	0.0708514	0.100265	-0.00301111	0.000431067	-0.000426588
0.0331233	0.116411	0.142218	-0.00380761	0.000194097	-0.000330783
0.0401533	0.0796942	0.142595	-0.0032396	0.000128426	-0.000330783
0.052288	0.0108698	0.0140987	-0.0031091	0.000418007	-0.000629054
0.0391877	0.119912	0.16695	-0.00360602	0.000199529	-0.00052118
0.0522662	0.0738206	0.115287	-0.00313007	0.000572068	-0.000548173
0.0340302	0.0467902	0.0820347	-0.00338542	-4.56209e-05	-0.000330783
0.0215519	0.10358	0.0939165	-0.00330183	-4.56209e-05	-0.000330783
0.0138517	0.0285075	0.0670075	-0.00273914	-4.56209e-05	-0.000330783
0.0215519	0.0114805	0.0290069	-0.00265457	-4.56209e-05	-0.000330783
0.0215521	0.0207277	0.082652	-0.00238589	-4.56209e-05	-9.6202e-05
0.0238808	0.0014852	0.053827	-0.00298939	2.94445e-05	-8.69473e-05
0.0215519	0.0498761	0.117373	-0.00278958	-4.56209e-05	-0.000330783
0.0108859	0.0594006	0.141703	-0.0026584	-4.56209e-05	-1.77578e-05
0.0188701	0.0505607	0.165283	-0.00269719	-4.56209e-05	-0.000330783
0.0267594	0.0447544	0.13689	-0.00271273	-4.56209e-05	-8.9617e-05
0.0261444	0.0847809	0.117915	-0.00382905	5.93134e-05	-0.000330783
0.0268977	0.0703759	0.165005	-0.00338548	-4.56209e-05	-0.000330783
0.0366986	0.0787193	0.139633	-0.00324698	8.98815e-05	-0.000330783
0.0307074	0.064577	0.0996822	-0.00305021	-4.56209e-05	-0.000330783
0.0118077	0.141117	0.190459	-0.00375227	-4.56209e-05	-0.000254296
0.030704	0.0708237	0.116515	-0.00336247	-4.56209e-05	-0.000396724
0.0307048	0.0362995	0.043888	-0.00349553	1.14261e-05	-0.000330783
0.0232077	0.117118	0.134727	-0.00383128	-9.62857e-05	-0.000397151
0.030709	0.0802899	0.109541	-0.00333815	-0.000122003	-0.000330784
0.0307105	0.0793691	0.0815464	-0.00336299	-0.000132066	-0.000330784
0.0307038	0.10037	0.115823	-0.00376331	-0.000191066	-0.000330784
0.0266791	0.0620655	0.0989898	-0.00301802	1.82848e-05	-0.000417385
0.0306389	0.0286454	0.0907867	-0.00272827	6.94837e-06	-0.000330784
0.0271646	0.0844486	0.117256	-0.00348785	8.53703e-07	-0.000330784
0.0306032	0.0732297	0.200952	-0.00279568	-1.94518e-05	-0.000330784
0.0305761	0.0781459	0.186943	-0.00311354	0.000210536	-0.000400741
0.030641	0.0759426	0.128677	-0.00341268	8.78997e-05	-0.000391155
0.0305968	0.108007	0.184564	-0.00372047	0.000151578	-0.000428618
0.0371144	0.0535523	0.137381	-0.003169	7.00678e-05	-0.000330784
0.0384269	0.087063	0.113175	-0.00372444	0.000269125	-0.000330784
0.0220621	0.107445	0.184314	-0.00349491	-4.07413e-06	-0.000330784
0.0226236	0.0690772	0.103915	-0.00289126	-1.99361e-05	-0.000330784
0.0337301	0.109558	0.117302	-0.00412656	3.86651e-22	-0.000445778
