0.023193	0.172633	0.0338108	0.00107919	-0.000451513	0.000481127
0.0816506	0.169305	0.200708	0.00325493	-0.00134224	-0.000561123
0.0932639	0.122528	0.0396837	-0.00233656	0.000637614	0.00021937
0.0772505	-0.0433698	-0.0446252	-0.00115235	0.00115281	0.000110527
0.0565005	0.131967	-0.00793698	-0.000355711	0.000845864	0
0.0446684	0.0149139	-0.00520672	0.000604502	0.000726671	0
0.0349083	0.0973236	0.00797429	-0.00122488	0.000726671	0
0.0322859	0.0391521	-0.0182	3.84914e-05	0.00119748	-0.000184816
0.0239872	0.0438057	-0.0276035	-0.000433502	0.000830821	-0.000185667
-0.000392514	0.0899957	-0.00380148	-9.82182e-05	0.000672633	-0.000244137
0.00794718	-0.00430526	-0.0482184	-0.000747261	0.000774888	1.05879e-22
0.00766205	0.14062	0.00245964	-0.000753816	0.000601388	0
0.00861665	-0.00732074	0.00112677	-0.00104112	0.0007187	0
0.00798174	0.146939	0.033037	-0.000627231	0.000343696	-0.000116601
0.0120601	0.0145378	-0.00695727	-0.00101651	0.000482016	-1.34238e-05
0.00947509	0.156323	0.0341512	-0.000652274	0.000343696	0.000260289
0.00468635	0.00493386	0.00131124	-0.000891493	0.000343696	6.14436e-05
-0.00400082	0.151105	0.046519	-0.00067697	0.000343696	-0.000221298
-0.00718157	0.0173359	0.00110722	-0.000774486	0.000593696	-0.000221298
-0.00436052	0.146457	0.0471163	-0.00108677	0.000103325	6.08504e-05
-0.00643001	0.00186132	0.000263846	-0.000962068	-0.000151377	-0.000221298
0.00050244	0.158752	0.0410896	-0.000239759	0.00016012	4.3466e-05
-0.00438756	0.0345532	0.0219749	-0.000826411	0.000343696	2.00803e-05
-0.00853629	0.17094	0.0678643	-0.00134565	0.000184606	0.000211873
-0.0171346	0.0616983	0.0588062	-0.00032026	-0.000179713	-0.000155634
-0.00547721	0.166134	0.0683124	-0.00184631	-0.000179714	-0.000170101
0.0102643	0.0548104	0.0569889	-0.00140758	0.000251022	0.00038551
-0.00432777	0.168246	0.0599436	-0.00148623	-0.000179713	-8.18863e-05
0.000729847	0.0920947	0.051685	-0.000742862	-0.000179713	-0.000163992
0.0160442	0.172226	0.102421	-0.0016013	-0.000179713	-8.18863e-05
0.0391238	0.129283	0.068467	-0.00104493	-0.000198065	8.83907e-05
0.0204557	0.10837	0.0311838	-0.00180864	0.00026327	0.000135043
0.000531033	0.0282536	-0.0112337	0.00163567	0.00063025	-0.000548926
0.0169715	0.167705	-0.00401316	-0.000218568	0.000597685	-0.00046561
0.0141326	0.0272899	-0.011888	0.000893026	0.000702161	-0.000315855
0.0150772	0.105137	0.000466054	-0.000458712	0.000215409	-0.00031563
0.0178362	0.145998	-0.0178257	0.000304782	0.000903896	-4.97456e-05
0.016757	0.0847173	-0.033273	-0.000180193	0.00061371	-4.97456e-05
0.0214559	0.16774	-0.0197428	-9.10626e-05	0.000667421	0.000267033
0.0122605	-0.038709	-0.102053	0.000558557	-0.000122131	-0.000188222
0.0393892	0.0543482	-0.0417668	-0.000774253	0.000152039	-0.000188222
0.0431551	-0.0407152	-0.0385677	-0.000302196	0.00074011	-0.000188222
0.060537	0.113202	3.01899e-05	-0.000677984	0.000104877	-0.000188222
0.0746249	0.00725727	-0.014002	-0.000176596	0.000125466	-0.000137113
0.07784	0.17184	-0.00215271	-0.000170905	0.000156733	6.92928e-05
0.0659125	0.0614962	0.0231912	-0.000184068	-0.000148866	-0.000260931
0.0682902	0.0523566	0.00372485	-0.000883487	0.000106019	0.000105074
0.0766514	0.159667	0.0116074	-0.000184606	-0.000298135	0.00034427
0.0749199	0.0588256	-0.0332597	-0.000418423	-9.60308e-05	0.000313908
0.309118	0.488402	0.683762	-0.00520401	-0.00369106	0.00324679
1.94745	2.16078	2.76487	-0.00640572	-0.028835	0.00571418
1.9875	2.10705	3.25691	0.0197827	-0.0305162	-0.0090813
1.64039	2.09669	2.94381	0.0236581	-0.0282758	-0.0101123
1.55511	1.95991	2.73845	0.0217166	-0.0297904	-0.0100286
1.37129	1.39912	2.2989	0.0222412	-0.0282132	-0.0102309
1.30668	1.68875	2.22657	0.0215062	-0.028197	-0.0105296
1.23023	1.76302	2.15537	0.0207699	-0.0275333	-0.00983607
1.15372	1.48475	2.05903	0.0201215	-0.0258429	-0.00937644
0.97853	1.4472	1.90801	0.0193968	-0.0212409	-0.0107178
0.957014	1.50806	1.82937	0.0179546	-0.0210776	-0.00952029
0.942633	1.63709	1.74623	0.0170616	-0.0201229	-0.00857101
0.913341	1.49003	1.6653	0.0167661	-0.0199123	-0.00789289
0.880084	1.51999	1.57672	0.0150073	-0.0194477	-0.00612526
0.855968	1.25338	1.41658	0.0127058	-0.017641	-0.00519288
0.7776	1.23926	1.32196	0.012027	-0.0170033	-0.00461377
0.690623	0.983221	1.0762	0.00710755	-0.0140717	-0.00359899
0.56238	0.94157	0.923647	-0.00188431	-0.00776843	-0.00359973
0.563134	0.831486	0.902756	-0.00210402	-0.00797403	-0.00149665
0.587531	1.17101	0.894108	-0.00107921	-0.0087915	-0.000139279
0.58133	1.11067	0.908787	-0.000824868	-0.00937239	-0.000535028
0.56932	1.19054	0.919086	-0.000894569	-0.0100509	-0.000489944
0.571661	1.10872	0.913913	-0.000378361	-0.0103244	-0.000489944
0.584478	1.24271	0.95635	-0.00113666	-0.0103788	-0.000325817
0.598622	0.90603	0.968219	-0.0026739	-0.00984109	2.62476e-05
0.635074	1.21054	0.971263	-0.00225545	-0.0111064	-0.00072048
0.610728	0.844904	0.866607	-0.00109501	-0.00980008	0.000636715
0.586656	0.876071	0.809146	-0.0014412	-0.0107204	0.000636715
0.606098	0.785448	0.801195	-0.00123929	-0.010311	0.000636715
0.644205	0.982854	0.805976	-0.00313921	-0.010264	0.00126475
0.676152	0.813414	0.784589	-0.00138308	-0.0109372	0.00141543
0.703232	0.913524	0.78484	-0.00220562	-0.011556	0.00290947
0.797228	0.893778	0.804309	-0.00280489	-0.0125613	0.00421421
0.800308	0.840496	0.760935	-0.0030546	-0.01315	0.00328583
0.790798	0.847868	0.7801	-0.00201283	-0.0127484	0.00308639
0.795224	0.855194	0.783263	-0.00235667	-0.0133054	0.00267027
0.796201	1.01501	0.774452	-0.000829848	-0.0124586	0.00475968
0.804056	0.801125	0.756851	-0.00276222	-0.0131178	0.00420825
0.769841	0.742782	0.730328	-0.00226009	-0.0130148	0.00276811
0.782857	0.85077	0.721284	-0.00294138	-0.0126375	0.00388549
0.728666	0.898394	0.747253	-0.0012112	-0.0124238	0.00542863
0.728388	0.781052	0.722467	-0.00135743	-0.0135691	0.00330442
0.7557	0.901215	0.754456	-0.00201394	-0.0134186	0.00385369
0.768356	0.846565	0.73468	-0.00076934	-0.0131837	0.00343211
0.778298	1.0218	0.754098	-0.00102838	-0.0129033	0.00518128
0.842052	0.798974	0.741663	-0.00280615	-0.0138682	0.00476944
0.970226	0.940832	0.806621	-0.0107381	-0.0146664	0.00687075
0.940172	0.828436	0.775154	-0.00778139	-0.0141206	0.00687437
0.930036	0.971732	0.767725	-0.00813289	-0.0138644	0.00693065
0.916834	0.926396	0.811572	-0.00775921	-0.0138931	0.00671364
0.924066	0.889769	0.781481	-0.00763417	-0.0136485	0.00730687
0.919765	1.02436	0.76151	-0.00723681	-0.0145281	0.00594046
0.873068	0.900891	0.7282	-0.0082321	-0.0132932	0.00697511
1.12711	1.33386	1.66478	-0.00614012	-0.024549	-0.000549004
1.69172	2.23481	2.67704	0.0141115	-0.0379269	-0.00479871
1.46823	1.14873	1.87826	0.015903	-0.0330535	-0.00581998
1.37801	1.2985	1.64269	0.0131114	-0.0314831	-0.00405836
1.37723	1.52002	1.59981	0.0111462	-0.0323375	-0.00311408
1.34804	1.38516	1.56167	0.0118646	-0.0329364	-0.00253431
1.31813	1.56753	1.52366	0.0116801	-0.031026	-0.00153077
1.30601	1.45696	1.51597	0.0112432	-0.03282	0.000608188
1.3512	1.59738	1.49261	0.0103326	-0.0332924	0.000879392
1.42754	1.211	1.275	0.00995075	-0.0329092	0.00234729
1.40276	1.30893	1.25111	0.00805413	-0.0316021	0.00122041
1.33821	1.07583	1.1804	0.0100937	-0.0318045	0.00116359
1.44604	1.39618	1.20917	0.00885301	-0.0315068	0.00258636
1.50031	1.22088	1.14805	0.00882972	-0.0312047	0.00303977
1.48384	1.35251	1.17906	0.00731843	-0.0315377	0.0025143
1.42675	1.17777	1.13166	0.00925254	-0.0308986	0.00232081
1.42587	1.22934	1.1272	0.00528066	-0.0294861	0.00279106
1.45462	1.05794	1.18117	0.00209731	-0.0301413	0.00399022
2.66551	1.02414	2.30104	-0.0276065	-0.0474526	0.0099923
2.51019	0.984051	2.19173	-0.0215178	-0.0444243	0.00817561
2.39142	1.18262	2.07424	-0.0190454	-0.0426531	0.0080677
2.31261	1.12205	1.89834	-0.0155972	-0.0415423	0.00873594
2.39518	1.24982	1.84296	-0.015514	-0.0410658	0.0114744
2.42614	1.07495	1.73801	-0.0133199	-0.0391096	0.0134744
2.24763	1.25061	1.64059	-0.0144143	-0.0368956	0.0105082
2.20485	1.12379	1.56043	-0.011713	-0.0356963	0.0112492
2.16288	1.26029	1.55208	-0.0106637	-0.0352792	0.0110772
2.09886	1.08574	1.41106	-0.00906541	-0.0340551	0.0111119
2.02262	1.07412	1.44865	-0.0101803	-0.0330366	0.00783456
2.04635	1.09023	1.40286	-0.0088503	-0.0334598	0.0087862
1.97579	1.12858	1.35497	-0.00981116	-0.0314261	0.00946319
1.88389	0.990269	1.1823	-0.00877493	-0.0298835	0.0109469
1.8971	1.1116	1.22431	-0.0112926	-0.0295343	0.0113997
1.92884	0.864031	1.31952	-0.0339688	-0.025195	0.0148433
1.89514	0.800864	1.33592	-0.039773	-0.0228335	0.0156533
1.91386	0.980731	1.35795	-0.0342323	-0.024615	0.0150946
1.9217	1.00678	1.33224	-0.0292718	-0.0263947	0.0146601
1.81345	1.15064	1.28709	-0.0218371	-0.0256179	0.0151467
1.70252	0.967196	1.22171	-0.0228569	-0.0256496	0.0144483
1.75057	1.05139	1.19988	-0.0263518	-0.0263772	0.013939
1.74029	0.900051	1.15913	-0.0255059	-0.02645	0.0137649
1.74054	1.03937	1.20945	-0.0257338	-0.026941	0.013223
1.80159	0.930058	1.1665	-0.0241037	-0.0263273	0.015469
1.85791	1.05588	1.17612	-0.023649	-0.0266646	0.0162921
1.78887	0.975787	1.16532	-0.0230801	-0.0272016	0.014557
1.80752	1.00466	1.13786	-0.0238877	-0.0280296	0.0135898
1.82618	1.04886	1.22325	-0.0288128	-0.0260594	0.0148047
1.72961	0.91837	1.04067	-0.023238	-0.0244381	0.0148298
1.78951	0.985651	0.995009	-0.0209304	-0.0247851	0.0170032
1.73454	0.982871	1.0286	-0.022421	-0.0255226	0.0155484
