-0.0366301	-0.0295622	-0.107158	0.00197924	-0.000140663	-0.000345938
-0.030242	-0.0105254	-0.142714	0.00284743	-0.000888511	-0.00017797
-0.0263241	-0.0984108	-0.202066	0.00272189	-0.000457953	0
-0.00993546	0.054945	-0.12432	0.000708637	-3.87385e-05	0
-0.00990562	-0.0336971	-0.0794148	0.00121502	0.000141726	0
-0.00989493	-0.0121105	-0.097853	0.000813549	0.000369224	-0.000122171
-0.00784337	-0.0308919	-0.126737	0.000720841	0.000369225	-0.000109848
-0.0238539	0.0092116	-0.0981454	-0.000118265	-3.38625e-05	0
-0.0295609	0.00718002	-0.0601946	0.000237668	-3.38625e-05	0
-0.0295609	-0.00634342	-0.0730033	0.000954717	-3.38625e-05	0
-0.0295609	-0.00871376	-0.0674087	0.00104652	-3.38625e-05	-6.61745e-24
-0.0295609	0.0248914	-0.0615678	-0.000240219	-3.38625e-05	0
-0.0295609	0.0149838	-0.0186336	0.000103707	-3.38625e-05	0
-0.0205695	0.101558	0.0717344	-0.000364595	-3.38625e-05	0.000304562
-0.00994099	-0.0590114	-0.0827367	-0.00014298	-3.38625e-05	0.000100668
-0.00161156	0.0530566	-0.0215782	-0.000559928	0.000366607	0.000216954
-0.00992085	0.00347516	-0.0246242	-0.000252245	0.000201112	-1.32349e-23
-0.00992781	0.0151427	-0.0483505	0.000279132	0.000140197	0
-0.00992853	0.040971	-0.0182799	-6.12799e-06	-7.02488e-05	0
-0.00992853	0.0783437	0.00328087	-0.000875274	-7.02488e-05	0
-0.00992853	0.00286566	0.0117535	9.3749e-05	-7.02488e-05	0
-0.00993121	0.0877322	0.0783901	-0.00019905	-1.29449e-05	-4.1359e-25
-0.0144115	0.00280784	0.023818	-0.000727515	2.27705e-05	0.000126886
-0.0268371	0.0624071	0.029897	-0.00121061	-9.73334e-05	0.000182357
-0.02684	0.0330108	0.0272952	-0.000297728	-6.62083e-06	0
-0.0268453	0.0164596	0.034004	-0.0002082	0.000110162	0.000169397
-0.00280979	0.0271297	0.00444442	-0.000649556	0.000131476	0
-0.0119963	0.0543164	0.0454897	-0.000685495	7.4477e-05	0
-0.00281413	0.0185207	0.0204343	-0.000591313	0.000391822	0
-0.00281364	0.0222949	-0.0105627	6.76126e-05	0.000641822	0
-0.0189022	0.0950319	0.0340293	-0.000764412	1.11233e-05	0.000213269
-0.0189208	0.0456998	0.0594569	-0.000754749	5.21234e-05	0.000142157
-0.018924	0.0368819	0.0616961	-0.000760563	8.49356e-05	0
-0.0350649	0.0292513	0.0027997	-0.00111104	-0.000167095	0
-0.0350762	0.0855272	0.0154016	-0.0011485	-2.00199e-05	0
-0.0225508	0.0609971	0.0486653	-0.000858518	-5.10519e-05	0
-0.0254126	0.0446347	0.0414642	-0.000717928	-2.68905e-05	0
-0.0272437	0.0395311	-0.00226989	-0.000967928	-0.000165301	0
-0.0206747	0.0769343	0.0303277	-0.00145892	-0.000101341	0.000120697
-0.0271083	0.0339372	0.024171	-0.00048726	-0.000101341	0.000129306
-0.0277532	0.0419248	0.00443298	-0.000780703	0.000128787	0.000211904
-0.0226778	0.0550067	0.0212281	-0.000483593	0.000129018	0.00018306
-0.0190968	0.0891761	0.0479878	-0.00146352	3.30101e-05	0.000233153
-0.0253485	0.103354	0.0982355	-0.000857941	1.4222e-05	0.00020142
-0.0317556	0.0301236	0.0595225	-0.000374042	-6.3067e-05	0.000136908
-0.031764	0.0685809	0.0565107	-0.000534865	-1.07105e-05	0
-0.0519255	0.0913394	-0.0447974	0.00139033	-0.00049559	0
-0.0491406	0.0394877	-0.034207	0.00105076	-6.37495e-05	0
-0.0471013	0.0502114	0.0182145	0.000327998	-6.37495e-05	0
-0.038961	0.097546	0.0202371	-0.00132926	4.69974e-05	0
-0.0389291	0.115889	0.0651763	-0.00085986	6.53227e-05	0
-0.0389403	0.0489222	0.0348956	-0.00039083	-1.53537e-05	0
-0.028101	0.0828026	0.0589732	-0.000261166	0.000103074	0
-0.0202469	0.0852362	0.0348001	-0.000509902	0.000334914	-7.70417e-05
-0.0364151	0.108495	0.0612768	-0.000958539	0.00043153	0
-0.0364151	0.108151	0.0901627	-0.000922342	0.00043153	0
-0.0364091	0.0920452	0.0779557	-0.000600978	0.000294247	-5.5055e-05
-0.0446486	0.0811148	0.0819953	-0.000564002	0.000157945	-0.000152872
-0.0543652	0.0976798	0.0948147	-0.00106094	2.41586e-05	-0.000169092
-0.0589701	0.11112	0.0905162	-0.00175903	2.41586e-05	-0.000156108
-0.0589566	0.131554	0.12691	-0.00201317	2.41586e-05	0
-0.0670968	0.130993	0.16359	-0.00180886	-0.000376053	5.15063e-05
-0.0589752	0.0950122	0.0999823	-0.00158774	2.41586e-05	-0.000192999
-0.0655901	0.117493	0.0917048	-0.00183169	-0.000219641	0
-0.0589566	0.131315	0.0978479	-0.00190971	2.41586e-05	-1.32349e-23
-0.0589566	0.123421	0.10992	-0.00169152	2.41586e-05	0
-0.0403502	0.109225	0.107897	-0.00148494	-9.87099e-05	0
-0.031744	0.129589	0.113151	-0.00165355	0.000238532	0
-0.0305934	0.0937708	0.0871039	-0.00130943	0.000313181	0
-0.0221282	0.113287	0.0818102	-0.00209416	0.000472057	6.4491e-05
-0.0326469	0.127797	0.101845	-0.00248155	0.000472057	0
-0.0410276	0.109182	0.150802	-0.00175952	0.000368026	0
-0.0326952	0.115768	0.121319	-0.00196602	0.000472057	6.31002e-05
-0.0315498	0.116505	0.139416	-0.0019721	0.000472057	0.000177172
-0.0248135	0.0975395	0.130568	-0.00179506	0.000417921	0
-0.0248009	0.120858	0.117325	-0.00249211	0.000472058	0.000169649
-0.0248226	0.151286	0.159628	-0.00250958	0.000472057	0
-0.02491	0.097021	0.160571	-0.00185838	0.000883927	0
-0.0248783	0.129434	0.174162	-0.0020008	0.000883927	0.000206285
-0.0279051	0.132715	0.158808	-0.00205942	0.000572778	0.000193461
-0.0248044	0.146776	0.157289	-0.00282632	0.000484923	0.000230268
-0.0288022	0.151451	0.198973	-0.0020794	0.000464684	0.000224738
-0.0248292	0.16235	0.220581	-0.0021365	0.000700655	0.000173324
-0.0228598	0.501328	0.413605	-0.00471246	-0.000236967	0.000671179
0.00529238	0.221744	0.299651	-0.00291317	-3.01414e-05	0.000462357
0.021768	0.00515814	0.022035	0.000944294	0.000814748	0.000518567
0.0104203	0.075554	0.1134	-0.00129577	0.00155802	0.000526284
-0.00349414	0.13147	0.123672	-0.000749529	0.00107524	0.00016635
-0.0155773	0.241606	0.205304	-0.00120913	0.000906661	0.000147351
-0.00616608	0.247225	0.253936	-0.00176083	0.000965996	0
-0.0215339	0.214185	0.258257	-0.00132765	0.00107524	0
-0.0159189	0.297276	0.298697	-0.00257947	0.000908107	-5.48275e-05
-0.0227074	0.253762	0.329629	-0.00214829	0.00107524	-0.000140303
-0.0408485	0.209587	0.285433	-0.00176356	0.000816289	-0.00045002
-0.0329279	0.266781	0.288041	-0.00284932	0.000872304	-0.000163397
-0.0254686	0.318069	0.347957	-0.00268383	0.00107524	-0.000187092
-0.0267082	0.181145	0.243988	-0.0016133	0.00107524	-0.000298458
-0.0266944	0.265058	0.260942	-0.00208409	0.00107524	-0.000283426
-0.0437354	0.349305	0.385455	-0.0022669	0.000663675	-0.00045002
-0.0340346	0.235673	0.332346	-0.0010817	0.000829261	-0.00045002
-0.0266097	0.323611	0.316305	-0.00174632	0.000668285	-0.00045002
-0.0393853	0.286396	0.368821	-0.0010817	0.000660624	-0.00054394
-0.0474111	0.253742	0.321377	-0.00061625	0.000629558	-0.000714893
-0.0432545	0.410704	0.417923	-0.0015709	0.000632478	-0.000633276
-0.0312455	0.215145	0.349492	-0.000724211	0.00057206	-0.000709996
-0.0495683	0.344141	0.342817	-0.00126847	0.000273947	-0.000888315
-0.0400306	0.326923	0.432391	-0.000542115	7.53463e-05	-0.00075128
-0.0408789	0.248753	0.290674	-0.000650811	-0.00042582	-0.000888315
-0.025686	0.346634	0.370579	0.000316445	-0.000197784	-0.000969722
-0.0376013	0.201887	0.158563	0.00140416	-0.00069582	-0.00136771
-0.025715	0.274831	0.242257	0.000696566	-0.000197784	-0.000986093
-0.025943	0.175559	0.181919	0.00102633	0.000381057	-0.00130477
-0.0259005	0.350658	0.236891	0.000669067	0.00041579	-0.000995826
-0.0195416	0.214932	0.256406	0.00191033	0.0005139	-0.00123845
-0.0191754	0.306425	0.265744	0.00124934	0.000316043	-0.0011388
-0.0259099	0.342304	0.395173	0.000988151	0.000384718	-0.000931605
-0.0317135	0.30394	0.300735	0.000816689	6.33423e-06	-0.00136771
-0.0328328	0.259768	0.342339	0.00107714	0.000392586	-0.00130994
-0.0192071	0.351293	0.276857	0.00124106	-4.70622e-05	-0.00119166
-0.0507617	0.160497	0.185056	0.00384234	9.56765e-05	-0.00143247
-0.0401665	0.328149	0.222395	0.00188081	0.000106294	-0.00148059
-0.0323212	0.347209	0.310689	0.00280975	-0.000117337	-0.00130903
-0.0408197	0.209698	0.210119	0.00300353	-0.000108388	-0.00183758
-0.031969	0.581979	0.504298	0.00300553	-0.000729093	-0.00132039
-0.0316996	0.644172	0.396637	0.00811655	-0.00264195	-0.00224747
-0.0608961	0.00365289	0.0390246	0.00839724	-0.00134696	-0.00241442
-0.0600431	0.179984	0.113732	0.00666121	-0.000178417	-0.00204142
-0.0600256	0.346644	0.123728	0.00609225	-0.000520163	-0.0022898
-0.0785365	0.321716	0.250267	0.00704099	-0.000605403	-0.00226101
-0.0973432	0.293487	0.200004	0.0069113	-0.000651268	-0.00229604
-0.0974226	0.300002	0.266883	0.00702146	-0.000586597	-0.00240302
-0.101795	0.575979	0.507662	0.00576938	-0.00083526	-0.00187961
-0.0925009	0.364746	0.353824	0.00737333	-0.000470403	-0.00166804
-0.0974334	0.263186	0.226091	0.00714802	-0.000317946	-0.00209486
-0.0969323	0.531601	0.425884	0.00690247	-0.000675193	-0.00187129
-0.0860224	0.294591	0.314883	0.00749909	-0.0001632	-0.00199802
-0.0604385	0.199581	-0.0997702	0.0109189	1.64345e-05	-0.00159849
-0.0780603	0.291237	0.111991	0.00828941	0.000794387	-0.00175383
-0.0688254	0.286513	0.155727	0.0086526	0.00126658	-0.00188219
-0.0633132	0.369479	0.217646	0.00801494	0.00118984	-0.00171713
-0.0698618	0.409119	0.323687	0.00846269	0.0014953	-0.00182071
-0.0605335	0.253643	0.222761	0.00843659	0.0014648	-0.00197437
-0.0603582	0.47741	0.351617	0.00786913	0.00132135	-0.00196574
-0.0510529	0.321012	0.264815	0.00868407	0.0016464	-0.00210869
-0.0604483	0.431992	0.273601	0.00787053	0.00143371	-0.00201771
-0.0546257	0.353423	0.303336	0.00872776	0.0015593	-0.00215048
-0.0602291	0.533318	0.362472	0.0079336	0.00125662	-0.00184618
-0.0543957	0.281772	0.289931	0.00857478	0.00154488	-0.00208563
-0.0604296	0.590489	0.411874	0.00868012	0.00142958	-0.00213147
-0.0577671	0.289396	0.277089	0.00859512	0.00158484	-0.00195664
-0.0712431	0.587849	0.397381	0.0105139	0.00141867	-0.00212504
-0.0792267	0.365856	0.287932	0.00830481	0.00146427	-0.00209301
