-0.0181695	-0.0512038	-0.0477263	0	-0.000962404	0.000104629
-0.0191849	0.0592064	0.0581894	-0.000789421	-0.00071387	8.46487e-05
-0.00689242	-0.0487597	0.00738116	-0.000177418	-0.00090662	0.000126912
-0.0148892	0.0536818	0.0380106	-0.000918263	-0.000971803	-2.64803e-06
-0.00375933	-0.043731	-0.0485524	-1.62041e-06	-0.000589024	0.000126912
-0.0160483	0.0507816	0.00684418	-0.000529611	-0.000961598	0.000126912
0.000616841	-0.0217152	-0.0161988	0.000161603	-0.000746174	0.000126912
-0.0160715	0.0669865	0.0358045	-0.000359125	-0.000589024	-6.68179e-05
0.00159435	-0.0247046	-0.0273159	0.000731861	-0.000589024	-5.12843e-06
-0.0147742	0.0590449	-0.00390012	-0.000262859	-0.000901511	0.000126912
-0.0147645	-0.0366587	-0.0381281	0.000476951	-0.000589024	-0.000251941
-0.0147723	0.0512976	0.00312237	-0.000163659	-0.000935872	-0.000114712
0.00657822	-0.015212	-0.0106833	0.000536753	-0.000643083	0.000126912
-0.00505588	0.0701013	0.0373225	-0.000537101	-0.000589024	3.70595e-05
0.00660944	-0.0560698	-0.034977	-5.26314e-05	-2.96629e-05	5.80257e-05
0.00662486	0.0191836	-0.0172606	-0.000193113	-0.000326165	0.000126912
0.017179	-0.031398	-0.012353	0.000642341	0.000109639	0.000126912
0.00357929	0.0449232	0.0251972	-0.00044116	-0.000309923	1.61234e-05
0.00357157	-0.00898259	0.0282499	0.000116994	0.000109639	0.000126912
-0.00252059	0.0306926	-0.0121321	-0.000576746	-0.000137698	-1.37173e-05
-0.00243359	0.0057737	0.00544415	-5.15734e-05	0.000109639	0.000126912
-0.00140111	0.0408531	0.00301805	-0.000326746	-0.000202396	0.000126912
0.00669288	-0.0323538	-0.0122131	0.000141442	1.71632e-05	0.000126912
-0.00241791	0.0443875	0.00554311	-0.000337817	-0.000374622	0.000126912
0.00258475	-0.0259371	-0.0195129	0.000655915	-2.18469e-05	0.000126912
-0.0107101	0.0538578	0.00354494	-0.000216212	-0.000209405	-0.000137509
-0.0106956	-0.0358906	-0.0194568	0.000463085	0.000109639	-0.000113319
-0.00743299	0.0370151	-0.0151102	1.02243e-05	-0.000323188	0.000126912
-0.0107144	0.0164474	0.0460595	0.000190049	0.000111187	-4.42514e-05
-0.010686	-0.0135574	-0.0672488	0.00055826	-0.000384126	-0.000280115
0.00979535	-0.0932244	-0.121166	0.00117785	1.87493e-05	0.000179322
-0.0107054	0.0336244	-0.0499019	0.000111177	-0.000218964	0.000126912
0.0020516	-0.0893472	-0.116944	0.00127449	-0.000120645	0.000126912
-0.00619168	0.0241624	-0.0381736	0.000626245	-0.000323188	0.000126912
0.0141186	-0.0614	-0.104988	0.000910184	-3.94297e-05	0.000180608
-0.00210062	0.00845094	-0.0484801	0.000470825	0.000196544	0.000126912
-0.00213431	-0.028607	-0.0796102	0.000602762	-0.000196196	0.000126912
-0.00210425	-0.0300302	-0.0760316	0.000972225	0.000151053	0.000126912
-0.00213431	0.00386481	-0.0850529	0.000609981	-0.000196196	0.000126912
0.00719307	-0.064849	-0.101732	0.00137416	0.000216825	0.000126912
-0.00208281	0.0229266	-0.0518945	0.00039564	4.35272e-05	0.000126912
0.0104195	-0.056638	-0.083791	0.000931347	0.000382993	0.000126912
0.00997692	-0.0336247	-0.106285	0.000396186	0.000126546	0.000126912
0.0189771	-0.0314885	-0.0861683	0.000636215	0.000465643	0.000126912
0.0136582	-0.0444744	-0.111482	0.000930723	0.000257866	0.000126912
0.000882296	-0.00371913	-0.0545296	0.000980926	0.000369724	0.000126912
0.00938463	-0.0472394	-0.0894969	0.00070624	0.0001476	4.68062e-07
0.00595335	-0.0157515	-0.0604073	0.000910922	0.000529406	-3.56584e-05
0.00648156	-0.051694	-0.120759	0.00109401	9.31153e-05	0.000126912
0.00761807	0.00124927	-0.0489086	0.000743416	0.000316096	0.000126912
0.021915	-0.0421299	-0.0813965	0.00108797	9.31153e-05	0.000126912
0.0240218	-0.0226661	-0.0480853	0.00114943	0.000549955	0.000126912
0.0239849	-0.0199336	-0.0762526	0.000770135	9.31153e-05	5.5773e-05
0.0239995	-0.0597689	-0.0926463	0.00126789	0.00026584	0.000205784
0.0239886	0.0152865	-0.0652871	0.000680744	0.000144706	0.000126912
0.0290639	-0.0711079	-0.0980848	0.00157069	9.31153e-05	0.000126912
0.0167571	0.0429924	-0.0391655	0.000874303	9.31154e-05	0.000126912
0.0239939	-0.0693486	-0.102807	0.00155201	0.000164966	0.000126912
0.0240169	0.00919163	-0.0532046	0.00115677	0.000494096	0.000126912
0.0261638	-0.0460532	-0.106997	0.00118423	9.31153e-05	0.000126912
0.023995	-0.00227782	-0.0572684	0.00117097	0.000202604	0.000126912
0.0239855	-0.0391762	-0.1022	0.00115722	9.31154e-05	0.000126912
0.0239963	-0.00199294	-0.046837	0.00134155	0.000256824	6.07445e-05
0.0239855	-0.0509613	-0.0986739	0.0012551	9.31153e-05	0.000126912
0.0240041	-0.0229849	-0.0786942	0.00170214	0.000280322	1.16591e-05
0.0239847	0.0106469	-0.0661543	0.00086786	0.000161505	1.60333e-05
0.0349885	-0.0641944	-0.0851827	0.00162648	9.31153e-05	0.000126912
0.0239886	0.0722773	-0.0016238	0.00068454	0.000269046	0.000126912
0.0364073	-0.0531455	-0.0694783	0.00130261	0.000135654	0.000126912
0.0431991	-0.0299023	-0.0705573	0.00134186	0.000418364	0.000126912
0.0350722	-0.000739959	-0.066433	0.00102238	0.000157873	0.000126912
0.0369358	-0.0929051	-0.099138	0.00218449	0.000574732	0.000126912
0.0386704	0.0350512	-0.0157715	0.00126806	0.000374449	0.000188898
0.0451506	-0.0622839	-0.0811264	0.00148979	0.00030018	0.0002028
0.043012	0.0136725	-0.0381568	0.0015404	0.00038846	0.0002028
0.0451099	-0.0412105	-0.0919814	0.0015898	0.000234961	0.000322574
0.0486962	-0.0394902	-0.0765854	0.00172226	0.000481144	0.000419961
0.0372802	0.0702881	-0.00480023	0.000951974	0.000234961	0.0002028
0.037292	-0.0648469	-0.0896504	0.00159983	0.000396676	0.0002028
0.0372833	0.0486551	-0.0135329	0.00115858	0.000606917	0.0002028
0.050169	-0.0322793	-0.0693865	0.00171377	0.000701323	0.0002028
0.0533568	0.0547432	-0.0135392	0.00113363	0.000769387	0.0002028
0.0533536	-0.0524242	-0.104517	0.00164038	0.000769387	6.81445e-05
0.0533582	0.0560028	-0.01774	0.000937553	0.000823157	0.0002028
0.0533568	-0.0518661	-0.0971858	0.00157399	0.000769387	0.0002028
0.045408	0.0519452	-0.00585631	0.00131915	0.000868962	0.0002028
0.0564687	-0.0237875	-0.0827066	0.00158709	0.000833573	0.000145958
0.0484883	0.0264522	-0.035509	0.00128255	0.00106537	0.0002028
0.0584011	-0.0385499	-0.102436	0.00178496	0.000769387	0.0002028
0.0519488	0.0446106	-0.00220864	0.00134602	0.00094264	0.0002028
0.0625257	-0.0332755	-0.0502812	0.00168954	0.000769387	0.0002028
0.0540398	0.0246578	-0.00708997	0.00157191	0.00110129	0.0002028
0.0565637	0.0430843	-0.0180622	0.00116667	0.000769387	0.0002028
0.065075	-0.0271634	-0.0213362	0.00177804	0.00112842	0.0002028
0.052881	0.0496584	-0.00153884	0.00118023	0.00102613	4.55064e-05
0.05549	0.00149157	-0.00115262	0.00201792	0.00108552	0.000273793
0.0577434	0.0553891	-0.00190061	0.00105483	0.000839687	8.07179e-05
0.0601555	-0.0282405	-0.0318918	0.00180315	0.00109163	0.000308841
0.0531327	0.0650555	-0.00381473	0.000813776	0.00079208	0.000308841
0.0374197	0.0241186	-0.106917	0.00501758	0.000619227	-0.000211741
0.0529566	0.0294107	-0.0496007	0.00215625	0.000619227	1.08613e-05
0.0685611	-0.0246242	-0.0666286	0.00178477	0.000878141	0.000208788
0.0596888	0.0720202	0.00382176	0.00118468	0.000930544	0.000308841
0.0726782	-0.0322381	-0.0430714	0.00201293	0.000956849	0.000308841
0.0628549	0.0694646	0.0186495	0.00140036	0.00100967	0.000308841
0.065406	-0.0341874	-0.0464529	0.00213063	0.000984192	0.000308841
0.0596169	0.0714788	0.0132336	0.00135929	0.00085368	0.000191308
0.0659231	-0.0359711	-0.0582384	0.00194342	0.00085368	0.000308841
0.0525465	0.0886539	0.0215776	0.000949528	0.0011222	0.00013792
0.0535487	-0.0410124	-0.0621833	0.00174347	0.00085368	0.000308841
0.047329	0.0562433	-0.00977488	0.00147428	0.00118103	0.000308841
0.0539878	-0.0244605	-0.0881978	0.00177566	0.00100839	0.000308841
0.0558719	0.0406197	-0.0321717	0.0017129	0.00125286	0.000392706
0.0622848	-0.0430041	-0.0996196	0.0019073	0.00134714	0.000308841
0.056262	0.0572911	-0.00479703	0.00174035	0.00129257	0.000308841
0.0588779	-0.039312	-0.0858735	0.0018477	0.000994549	0.000365016
0.0567471	0.0273338	-0.0386303	0.00136147	0.00136472	0.000308841
0.0663502	-0.0504235	-0.119319	0.00241612	0.00117501	0.000448521
0.0722576	0.0278334	-0.0762277	0.00186083	0.00124354	0.000571204
0.0781275	-0.0311328	-0.0811634	0.0023153	0.00127501	0.000673515
0.0781227	-0.0134725	-0.097773	0.00186353	0.00105644	0.00062583
0.0781289	-0.0297616	-0.0861608	0.00219133	0.00112053	0.00062583
0.0781227	-0.0401247	-0.133727	0.00216763	0.00105644	0.00062583
0.0781227	0.0033511	-0.0707005	0.00227757	0.00105644	0.00062583
0.0714044	-0.0397821	-0.130065	0.00226504	0.00105644	0.00062583
0.0593387	0.0123895	-0.0796128	0.00202732	0.00112365	0.00062583
0.0592972	-0.0594093	-0.152086	0.00252065	0.000863486	0.00062583
0.0693683	0.0110121	-0.09248	0.00189979	0.00113202	0.000553521
0.0798791	-0.0791514	-0.171893	0.00250821	0.00105644	0.00062583
0.0775924	0.0113464	-0.0894583	0.00182822	0.00105644	0.00062583
0.0913838	-0.0789951	-0.153962	0.0026024	0.00105644	0.00062583
0.0819816	0.0235739	-0.0830936	0.00163737	0.00105644	0.00062583
0.0978901	-0.0769036	-0.154722	0.00284507	0.00128787	0.000955987
0.0854879	0.028316	-0.0839141	0.00192063	0.00098161	0.00062583
0.0875323	-0.0757326	-0.161266	0.00270739	0.00098161	0.0010154
0.085513	0.0222598	-0.089682	0.0020005	0.00116079	0.000782823
0.085511	-0.0759303	-0.157276	0.00223445	0.00122457	0.00062583
0.0854983	-4.61014e-05	-0.104587	0.00202857	0.00098161	0.000824196
0.0854845	-0.0609259	-0.161704	0.00264757	0.00098161	0.000888243
0.0878456	0.00857184	-0.088548	0.00233096	0.00121848	0.000816128
0.0855113	-0.0494618	-0.163144	0.00265862	0.00113328	0.000758195
0.0855544	0.00121958	-0.101597	0.00246511	0.00142751	0.000837917
0.0939975	-0.0219955	-0.146949	0.00230178	0.00103685	0.000850549
0.101155	-0.0334157	-0.115349	0.00252411	0.00131223	0.000900978
0.109076	-0.0119261	-0.129203	0.0022732	0.00141884	0.000735756
0.116209	-0.00391095	-0.0806646	0.00224171	0.00142411	0.00108811
0.116294	0.00141386	-0.12025	0.00218756	0.00137602	0.000893711
0.120336	-0.0217291	-0.110369	0.00230777	0.00131872	0.00103579
0.117287	0.00157531	-0.12098	0.00193005	0.00134285	0.0010061
0.122091	0.0128127	-0.0885838	0.00219066	0.0012192	0.00102338
0.135443	-0.0081489	-0.123839	0.0018275	0.00103679	0.00120329
0.140393	0.00787893	-0.106606	0.00204543	0.00160554	0.00129238
