-0.0961507	-0.0601591	-0.0409722	-0.00382763	0.000679855	-0.00194946
-0.0744806	-0.0836456	-0.0374431	-0.00370679	0.000499698	-0.00178614
-0.0552064	0.0117498	-0.0204081	-0.00323037	3.68112e-05	-0.00124217
-0.0464405	-0.128097	-0.0811327	-0.00317462	3.68112e-05	-0.00156861
-0.0453348	0.0345258	0.00657689	-0.0032125	3.68112e-05	-0.000899976
-0.0381898	-0.0971552	-0.0489246	-0.00305018	3.68112e-05	-0.000918408
-0.029195	0.00567481	0.0171725	-0.00323288	3.68112e-05	-0.000788835
-0.0213733	-0.0760519	-0.0612794	-0.00264937	-5.60222e-05	-0.000820024
-0.0161852	-0.0192133	-0.0199017	-0.00243389	-9.86656e-05	-0.000670332
-0.00818784	0.000633745	-0.0455943	-0.00355422	0.000220089	-0.000492804
-0.00137207	-0.00504162	-0.0176312	-0.00264156	0.000222873	-0.000670332
0.00915075	0.0106849	-0.0382477	-0.00265478	0.000347404	-0.00039504
0.00915907	0.0111652	-0.0206708	-0.00260424	0.000347404	-0.000280974
0.00916385	0.0531475	-0.0188449	-0.00254595	0.000347404	-0.000206955
0.00916338	0.0238815	-0.0162136	-0.00230635	0.000347405	-0.000106827
0.0276313	0.0820188	-0.0534365	-0.00265478	0.000347405	-0.000145484
0.0163527	0.009036	-0.0820377	-0.00147707	0.000597405	-0.000175258
0.0161699	0.109058	-0.0555787	-0.00173299	0.000347405	-0.000274793
0.0219997	0.0605264	-0.0386976	-0.00121706	0.000347405	-0.000148726
0.00892517	0.0859728	-0.0217299	-0.00139234	0.000347405	-0.000158484
0.00887652	0.0018143	-0.00067043	-0.000170789	3.81188e-05	4.21822e-05
-0.0277233	0.11157	0.066493	0.000341387	-0.000163733	0.000468877
-0.0372387	0.0664821	0.0539282	-0.000620591	-0.000163733	0.000590242
-0.0277011	0.0737361	0.0068082	-0.00150623	-0.000163733	0.00060435
-0.00225345	-0.0288408	-0.0811717	-0.00112579	-0.000163733	0.000521656
-0.0102717	0.0935014	-0.0581695	-0.00044079	-0.000163733	0.00055889
0.00322845	0.00311842	-0.104324	0.000481404	-0.000291737	0.000532628
-0.00268011	0.123293	-0.0410213	0.000933359	-0.000599341	0.000500357
0.0113605	-0.0107734	-0.0947569	0.00183629	-0.000372307	0.000560464
-0.0264135	0.118226	0.0403722	0.00225784	-0.000374055	0.000500207
-0.0260883	0.0488215	0.0109484	0.00253888	-0.000761547	0.000614221
-0.01648	0.186168	0.0852179	0.000797388	-0.000607043	0.00143342
-0.00173818	0.0361758	-0.0180994	0.00203932	-0.000876381	0.00112759
0.00513915	0.177013	0.0327526	0.000814217	-0.00104253	0.00139799
0.0365776	0.0403976	-0.0563144	0.00110198	-0.00104253	0.00139799
0.031841	0.200689	0.0128996	0.00125442	-0.00104253	0.00139799
0.0505322	0.0820156	-0.0213191	0.00117759	-0.000704075	0.00139799
0.0303418	0.148008	0.0446209	0.00168512	-0.000674833	0.00139799
0.0395628	0.0819251	0.0152476	0.00219666	-0.000938769	0.00139799
0.00460967	0.173553	0.15706	0.00272565	-0.00069005	0.00139799
-0.0119886	0.134262	0.218245	0.00389932	-0.00146635	0.00139799
0.0286424	0.228218	0.136775	0.00209564	-0.00192404	0.00210891
0.0690681	0.106828	0.056109	0.00226525	-0.00150903	0.00201836
0.0735121	0.227865	0.080442	0.00254944	-0.00180465	0.00197559
0.0764721	0.127212	0.0445152	0.00290938	-0.00201206	0.00186376
0.0935355	0.218912	0.0894779	0.00290401	-0.00186306	0.00184439
0.133738	0.103419	0.132276	0.00351534	-0.00261808	0.00197039
0.210312	0.164705	0.249897	0.00384324	-0.0027906	0.0021682
0.256551	0.0723878	0.238646	0.00325693	-0.00357448	0.00243724
0.262352	0.248966	0.256078	0.000934829	-0.00395643	0.00304343
0.242967	0.115872	0.00283801	0.00210782	-0.00373075	0.00305034
0.24248	0.221766	0.120861	0.00127984	-0.00221375	0.0025455
0.197163	0.0772001	-0.050026	0.00224737	-0.00258413	0.00261739
0.183647	0.197726	0.000619335	0.00283181	-0.00287114	0.00326648
0.212434	0.138292	0.00548747	0.00332587	-0.00318637	0.00298863
0.20621	0.239465	0.0527181	0.0039968	-0.00310683	0.00313007
0.183313	0.0917155	0.0887093	0.00599106	-0.00285557	0.0025455
0.170298	0.214678	0.282503	0.00599106	-0.00261483	0.0024557
0.183428	0.17337	0.240799	0.00525519	-0.00325179	0.00274758
0.217495	0.282533	0.145921	0.00353036	-0.00304881	0.00331026
0.219493	0.217688	0.0852399	0.00410706	-0.00336349	0.00331026
0.220807	0.270487	0.133473	0.00472993	-0.00295014	0.00331026
0.15901	0.190119	0.15924	0.00661381	-0.00209601	0.00181178
0.0638163	0.270207	0.459098	0.00548799	-0.0011523	0.000132099
0.0271586	0.096498	0.11611	0.00519797	-0.000576315	0.000243892
0.0668126	0.258852	0.335696	0.00642932	-0.000162505	0.000647224
0.0685635	0.168577	0.226803	0.00672466	-0.000126466	0.00014158
0.129418	0.352173	0.416494	0.00562318	-0.00152514	0.00121423
0.162619	0.331961	0.186482	0.00320521	-0.00229473	0.00232701
0.202517	0.356014	0.137632	0.00301358	-0.00221901	0.00238939
0.214779	0.264958	0.158193	0.00337924	-0.0017238	0.00214898
0.174696	0.365336	0.343248	0.00348047	-0.00277919	0.00202111
0.213678	0.359471	0.256873	0.00392175	-0.00269392	0.00245805
0.177772	0.426495	0.380477	0.00438665	-0.0020893	0.00237091
0.124612	0.328151	0.245781	0.00484324	-0.00100586	0.00109969
0.0272112	0.283675	0.245226	0.00496447	0.00057771	1.17535e-05
0.01151	0.293432	0.181099	0.0053328	0.000249575	0.00105147
0.000642217	0.426195	0.380943	0.00552249	-7.48537e-05	0.000243537
0.120382	0.531104	0.332308	0.00379355	-0.0015245	0.00208824
0.153627	0.418414	0.318485	0.00492107	-0.00159792	0.0022754
0.138989	0.441103	0.253352	0.00520026	-0.00154786	0.00235083
0.0976467	0.367352	0.213897	0.00577018	-0.00164962	0.0020694
0.00498649	0.447327	0.36028	0.00651204	-0.000833084	0.00148782
-0.0321916	0.320472	0.317148	0.00823342	-0.00100268	0.00101798
0.0374495	0.454087	0.705262	0.00865017	-0.000730317	0.00205654
0.0912044	0.272579	0.535911	0.0085345	-0.00145715	0.00205654
0.104424	0.389969	0.762961	0.00874507	-0.00203409	0.00259961
0.0454995	0.275597	0.450238	0.00811655	0.000379985	0.000634068
-0.0019043	0.387049	0.553715	0.00989228	-0.000353563	8.57815e-05
-0.0139867	0.35358	0.411463	0.0104675	-0.000282956	8.57816e-05
-0.051244	0.392822	0.465129	0.0103141	0.000474439	8.57816e-05
0.0167786	0.454538	0.67248	0.00931083	-0.000960517	0.00138258
0.163331	0.338393	0.355765	0.00357571	-0.00223455	0.00264177
0.214325	0.381171	0.173801	0.00206237	-0.00294823	0.00328522
0.260155	0.372627	0.245591	0.00138735	-0.00332649	0.00415422
0.268835	0.271087	0.164652	0.0019282	-0.00369164	0.00415587
0.283481	0.446012	0.288004	0.00224806	-0.00340111	0.00471835
0.299611	0.401765	0.231272	0.00192854	-0.00331165	0.00453919
0.29686	0.435221	0.337198	0.00304747	-0.00362405	0.00472153
0.235127	0.384618	0.293745	0.00469273	-0.00277214	0.0040137
0.0845648	0.333077	0.300833	0.00658743	-0.000613051	0.00163063
0.0455775	0.380123	0.315674	0.00679787	-9.65945e-05	0.000962147
0.103146	0.327194	0.361081	0.00877234	-0.00183575	0.00197382
0.220358	0.429272	0.390248	0.00487311	-0.00289218	0.00319948
0.281239	0.427699	0.163375	0.00230014	-0.00332863	0.00450157
0.297039	0.439922	0.134896	0.00214905	-0.00297333	0.00416244
0.305472	0.429813	0.205753	0.00309361	-0.00336188	0.00434499
0.323795	0.410095	0.379536	0.00542389	-0.00413526	0.00476718
0.22591	0.342632	0.268215	0.00691029	-0.00272303	0.00453644
0.183349	0.40683	0.430179	0.00855502	-0.00217804	0.00334048
0.163547	0.423125	0.435333	0.00759302	-0.00200943	0.00346136
0.146486	0.354501	0.306925	0.00813532	-0.00191695	0.00286631
0.245003	0.572449	0.316289	0.00396803	-0.00296026	0.00399417
0.281196	0.346467	0.161702	0.00360685	-0.00338702	0.00398466
0.326972	0.449763	0.246856	0.0039861	-0.00351147	0.00444006
0.255664	0.314412	0.139722	0.00530257	-0.00288727	0.00330891
0.19442	0.510364	0.358094	0.00712814	-0.00219147	0.00272252
0.103397	0.412544	0.243692	0.0090478	-0.000653076	0.00145301
0.122676	0.466707	0.375685	0.00887465	-3.02557e-05	0.00131665
0.30884	0.588784	0.541828	0.00394093	0.00169929	0.00190564
0.314129	0.54813	0.256253	0.00275065	-0.0017705	0.00384174
0.316243	0.575893	0.279275	0.00310274	-0.00205754	0.0039903
0.261681	0.494081	0.265428	0.00565626	-0.00214527	0.00397626
0.184485	0.598333	0.375018	0.00899521	-0.000987372	0.00322571
0.056845	0.404967	0.207391	0.00897806	-0.000277715	0.00139733
0.0714761	0.527082	0.414957	0.00951658	7.42221e-05	0.00136102
0.0403196	0.410745	0.276451	0.00968679	-4.13857e-05	0.00105084
0.173152	0.68546	0.397024	0.00756359	-0.00259472	0.00366598
0.199204	0.532106	0.307732	0.00563852	-0.0024544	0.00368441
0.0948833	0.528555	0.36781	0.00705895	-9.34598e-05	0.00174306
0.0561709	0.435794	0.179495	0.00929363	0.000167252	0.000415541
0.0597712	0.49511	0.298547	0.00959303	-5.18096e-05	0.0011369
0.0519871	0.527806	0.348981	0.00960371	0.000604497	0.000562838
0.0249594	0.402835	0.219324	0.00941183	4.36777e-05	0.000552491
0.0506753	0.539894	0.418304	0.0091376	0.000480988	0.000848029
0.0343635	0.43815	0.243205	0.00902024	0.000644462	0.000678295
0.0430886	0.446464	0.256528	0.0100916	0.000618526	0.000402951
0.0511588	0.433527	0.192118	0.00953679	0.000147595	0.000650753
0.0891935	0.591587	0.508708	0.0103711	-0.000315781	0.00127308
0.112976	0.415642	0.446488	0.00744817	-0.000737356	0.00153203
0.178551	0.571527	0.167929	0.00299622	-0.00258025	0.00366086
0.208422	0.385857	0.0321186	0.00251238	-0.00267287	0.0042609
0.128756	0.320337	-0.0293055	0.00530547	-0.00336324	0.00441345
0.136484	0.401542	0.0259574	0.00399127	-0.00441667	0.00499853
0.163771	0.434357	0.155127	0.00595148	-0.00457219	0.00557093
0.166376	0.316407	0.0379046	0.00533997	-0.0046294	0.00546991
0.196416	0.393139	0.0878521	0.00569028	-0.00471913	0.00592568
0.228247	0.333107	0.020579	0.00608261	-0.00458666	0.00580273
0.267849	0.372502	0.0665184	0.00593345	-0.00459461	0.00573
0.287775	0.422469	0.108393	0.00554226	-0.00482164	0.00604443
0.304623	0.385119	0.129824	0.00666661	-0.00484533	0.00602475
0.306756	0.466685	0.182398	0.00580065	-0.00517885	0.00588932
