0.691247	-0.207376	-0.816092	-0.00945792	-0.0136173	0.00730379
0.666042	-0.369894	-0.996369	-0.00836062	-0.0153403	0.00809496
0.697175	-0.215562	-0.8254	-0.00849142	-0.0150382	0.00776033
0.690835	-0.316545	-0.919854	-0.00766048	-0.0156109	0.00840202
0.666074	-0.135447	-0.714316	-0.00844653	-0.0142125	0.00749733
0.636018	-0.277366	-0.879076	-0.00783016	-0.0132257	0.00821592
0.629957	-0.0612784	-0.6597	-0.00714426	-0.0104772	0.00759294
0.543835	-0.309694	-0.92266	-0.00536968	-0.0110302	0.0068279
0.458687	-0.112401	-0.570771	-0.00421601	-0.00836395	0.00425078
0.571825	-0.474194	-1.00523	-0.00294129	-0.0090739	0.00743017
0.577642	-0.712285	-1.48852	0.0012574	-0.00617135	0.0109102
0.630499	0.151262	-0.684559	4.99777e-05	-0.000936672	0.00891193
0.671067	-0.16136	-0.568202	0.000273418	8.04046e-06	0.00872472
0.538149	-0.0881966	-0.430818	0.000621092	-0.00081033	0.00640688
0.34996	-0.277731	-0.508951	0.00266819	-0.00139805	0.00461332
0.266232	-0.053542	-0.24786	0.000792145	-0.000295452	0.00219577
0.204794	-0.177866	-0.280049	0.00182008	-0.000290937	0.00226619
0.156545	-0.169133	-0.292156	0.00121582	-0.000955547	0.00205214
0.044784	0.00347613	0.148422	-0.000545209	-9.44297e-06	0.000268649
-0.100353	-0.0673638	-0.118587	0.000451776	-0.000628067	-0.00213481
-0.00468155	-0.00750678	0.0527785	-0.00104575	-0.000164008	0.000364577
0.154957	-0.0781926	-0.134209	0.000226719	-7.32972e-05	0.00271047
0.171278	-0.0301726	0.149311	0.00035992	0.000462174	0.00310754
0.109498	-0.166964	-0.162084	0.000812324	0.00125219	0.00251741
-0.0100636	-0.0168808	-0.0890159	0.00165138	0.00366842	0.000792761
-0.156526	0.282176	0.585502	-0.00679405	0.00160512	-0.00192045
0.0975842	0.0698078	0.380693	-0.00384683	0.00153828	0.00168495
0.125185	0.151984	0.504709	-0.00464643	0.00179173	0.00132663
0.108434	-0.125254	-0.0292844	-0.00338699	0.00158767	0.00125872
-0.074767	0.316201	0.915108	-0.00686563	0.00296519	-0.00134725
-0.106734	0.105727	0.592687	-0.00533637	0.0018136	-0.000829477
0.0133346	0.260254	0.83415	-0.00475597	0.00239685	0.00028018
-0.0843576	-0.0256601	0.218905	-0.00390019	0.0036642	-0.000116254
-0.390438	0.197454	0.47916	-0.00261356	0.00360882	-0.0032276
-0.591009	0.147725	0.368284	-0.00510972	0.00471707	-0.00726833
0.241658	-0.367009	0.344624	-0.0112138	0.00399079	0.00879667
0.612302	-1.01219	-0.833006	0.00273466	0.00826277	0.0240211
0.620799	-0.142258	-0.181239	0.00161264	0.01221	0.0184075
0.726686	-0.193674	0.0652409	-0.00223694	0.0140666	0.0187726
0.618134	-0.451848	-0.0101002	0.000645301	0.0134538	0.0206798
0.667533	-0.229974	0.147297	-0.00197672	0.0138599	0.0204934
0.638093	-0.442395	0.0625554	-1.35723e-05	0.0137411	0.021747
0.627951	-0.219429	0.236982	-0.00258873	0.014251	0.0201662
0.592028	-0.38871	0.116698	-0.00200105	0.0139932	0.021098
0.536972	-0.219545	0.200322	-0.0017803	0.0138127	0.0194021
0.445403	-0.427479	0.0182455	0.000480814	0.0132887	0.0191555
0.274489	-0.0531218	0.315398	-0.000896891	0.0132688	0.0135595
0.117181	-0.0912358	0.0719645	-0.00161289	0.0129767	0.0110729
0.0877109	0.066595	0.353645	-0.00211679	0.0136355	0.00951034
0.0835502	0.0491521	0.448778	-0.00365657	0.0120843	0.00929201
0.142136	0.0694437	0.426428	-0.00302147	0.0124616	0.0108062
0.327698	0.144274	0.481802	-0.0057799	0.0139546	0.0132297
0.31831	-0.268791	0.140311	-0.00266982	0.013	0.0148939
0.328457	0.0617247	0.439939	-0.00430239	0.0134746	0.0146061
0.315356	-0.207013	0.208428	-0.00205393	0.012509	0.0154189
0.18062	0.114803	0.601149	-0.00417806	0.0137837	0.0113867
0.154706	-0.0250964	0.337482	-0.00354238	0.0122463	0.0109007
0.0266502	0.2695	0.697605	-0.00603528	0.0118621	0.00717401
-0.111037	0.283148	0.426301	-0.00960611	0.011793	0.00504508
-0.376641	0.257604	-0.251547	-0.0120759	0.0164519	0.00128468
-0.605886	0.697413	0.36778	-0.0152743	0.0174423	-0.00285808
-0.388638	0.369996	0.193307	-0.00892791	0.0149732	0.00235987
-0.238923	0.559981	0.493865	-0.0113095	0.0163372	0.00468016
-0.18787	0.247454	0.239255	-0.00787642	0.0150457	0.00634532
-0.107737	0.410906	0.428336	-0.0109311	0.0156759	0.00776733
-0.0808042	0.164187	0.253525	-0.00885282	0.0130418	0.00777948
-0.0157745	0.377878	0.409764	-0.0107417	0.0151241	0.00961236
-0.0433289	0.188396	0.211205	-0.00950471	0.0120249	0.00849584
-0.00742915	0.338227	0.316246	-0.0099195	0.012335	0.00893753
-0.0067557	0.190524	0.206459	-0.00859131	0.0114601	0.00914648
0.0412031	0.42963	0.436272	-0.0107572	0.012836	0.0101872
0.0537488	0.149365	0.230072	-0.00941966	0.0118617	0.00967914
0.0944182	0.422325	0.474459	-0.00944615	0.0132323	0.0116435
0.12068	0.203779	0.267489	-0.00935488	0.0126539	0.0117742
0.0970997	0.308745	0.38492	-0.00881441	0.0126683	0.012107
0.124737	0.266922	0.292588	-0.00984313	0.0121033	0.0124596
0.125277	0.173944	0.273009	-0.00890762	0.011957	0.0121749
0.14358	0.349411	0.403496	-0.0104338	0.013367	0.0126556
0.132667	0.123505	0.236659	-0.00828259	0.0125342	0.0126556
0.151002	0.377965	0.478844	-0.0108685	0.0132642	0.0130622
0.132041	0.128967	0.253823	-0.00913029	0.0124207	0.0126556
0.126466	0.280372	0.42056	-0.0093514	0.0130799	0.0130158
0.156299	0.259762	0.348576	-0.00992884	0.013155	0.0131455
0.133862	0.216167	0.348923	-0.00919589	0.013155	0.0126556
0.135994	0.319102	0.433737	-0.0107339	0.0127925	0.0129232
0.131706	0.183378	0.346515	-0.00911039	0.0129902	0.0131458
0.0971645	0.358791	0.466903	-0.0105787	0.0127783	0.0131458
0.0787327	0.174149	0.330269	-0.00876885	0.0119824	0.0121931
0.0598067	0.379423	0.526448	-0.0112925	0.0128225	0.0127033
0.0909558	0.18515	0.32491	-0.00934167	0.012604	0.0128604
0.119958	0.452188	0.639418	-0.0115972	0.0139323	0.0131681
0.144545	0.218318	0.400634	-0.0107449	0.0132726	0.0133547
0.147344	0.317171	0.585537	-0.010275	0.0133553	0.013899
0.137854	0.196993	0.366247	-0.0105355	0.0130894	0.0133547
0.11255	0.363989	0.602343	-0.0106837	0.0133841	0.01282
0.0643936	0.208644	0.324055	-0.00993825	0.0112804	0.0113547
0.0567333	0.361665	0.513044	-0.0097547	0.0129547	0.0114706
-0.012805	0.363808	0.478505	-0.012014	0.0125739	0.00992986
-0.0742969	0.288872	0.381002	-0.0103427	0.0126137	0.0083377
-0.189592	0.470247	0.597781	-0.0137885	0.014864	0.00616851
-0.154553	0.172398	0.246274	-0.00945941	0.0158323	0.00690477
0.0562104	0.570997	0.79352	-0.0131107	0.0168048	0.0114563
0.131824	-0.0755347	0.286981	-0.00918554	0.0149594	0.0119537
0.563696	-0.693081	-0.120453	0.0011426	0.0226593	0.0399854
0.66113	-0.473564	0.120521	-0.00340814	0.0234211	0.0432213
0.778693	-0.278665	0.445397	-0.00297977	0.0242538	0.0437725
0.960261	-0.134004	0.566202	-0.00758431	0.0271247	0.0439556
0.909734	-0.650336	0.287388	-0.0042113	0.0232446	0.0445977
0.863525	-0.316916	0.463003	-0.00403149	0.0240588	0.0448187
0.814093	-0.348083	0.390854	-0.0040469	0.0242024	0.0448951
0.758416	-0.359692	0.494579	-0.00328734	0.0254132	0.0439485
0.636818	-0.330692	0.403125	-0.00377054	0.02575	0.0419416
0.593352	-0.264908	0.502794	-0.00277984	0.0263603	0.039607
0.339672	-0.00666459	0.6549	-0.00574478	0.0278544	0.0346164
0.165346	-0.0913243	0.423033	-0.00412308	0.0257533	0.0296643
0.179008	0.0962992	0.74402	-0.00654938	0.0263039	0.0289956
0.283723	-0.0570159	0.617502	-0.00534506	0.0250702	0.0327936
0.256126	0.0406913	0.905816	-0.00695378	0.0275603	0.0316779
0.204414	-0.309215	0.337743	-0.00527138	0.0264718	0.0293147
0.0122287	0.125663	1.15703	-0.00683399	0.0253675	0.0223361
-0.0836484	-0.096832	0.893661	-0.00683002	0.0240433	0.0209476
-0.826503	0.0941782	0.549717	-0.00629202	0.0297827	0.011869
-1.10085	0.607699	1.45908	-0.0139589	0.030283	0.00689098
-0.755418	0.12645	0.508022	-0.0102909	0.0289927	0.00913663
-1.08732	0.583677	1.20911	-0.0142812	0.0326712	0.00999097
-1.31808	0.0464958	-0.446938	-0.0131919	0.0266653	0.00504885
-1.56839	0.66483	0.305222	-0.0165197	0.0171191	-0.00237485
-1.42809	0.804947	0.836845	-0.0180807	0.0106754	-0.0012122
0.247989	-0.125664	0.208337	-0.0101881	0.014084	0.0313092
0.559287	-0.232675	0.125142	-0.00645025	0.0256535	0.0373795
0.757102	-0.305362	-0.24473	-0.00457419	0.0245915	0.0413917
0.920954	0.134847	0.514316	-0.00706468	0.0270442	0.0409786
0.964866	-0.390168	0.11413	-0.00543538	0.0267025	0.0443828
0.961887	-0.0669696	0.432649	-0.00492353	0.0272456	0.0440786
0.990342	-0.24724	0.400967	-0.00660717	0.0265562	0.0444881
0.908954	-0.128149	0.586383	-0.00699536	0.0267561	0.0441907
0.88651	-0.182016	0.496198	-0.00667331	0.0273637	0.044316
0.869939	-0.205934	0.530206	-0.00548747	0.0271637	0.0445953
0.840334	-0.166541	0.476342	-0.00652681	0.026943	0.0445131
0.802185	-0.162164	0.622396	-0.00538548	0.0280808	0.0441288
0.776982	-0.184912	0.495857	-0.00562808	0.0271988	0.0431522
0.664146	-0.163694	0.415606	-0.0043686	0.0269125	0.0411133
0.321114	0.335434	0.846473	-0.00959573	0.0274715	0.0343315
0.379114	0.0307001	0.564242	-0.00759524	0.0259001	0.0364543
0.34851	0.276925	1.01197	-0.00990007	0.0284298	0.0335132
0.221458	0.10376	0.343227	-0.0081354	0.0260802	0.0312114
0.178382	0.466552	0.764149	-0.0115065	0.0264921	0.0303809
0.311389	0.0894636	0.490265	-0.00955134	0.025825	0.0331801
0.211693	0.342752	0.863152	-0.00900905	0.0281834	0.0301463
0.161213	0.248038	0.741831	-0.011593	0.0268041	0.0280552
-0.121751	0.318126	0.166725	-0.0127575	0.0280757	0.0205741
-0.56022	0.902831	0.984865	-0.0177867	0.023604	0.0112202
