0.0337194	-0.0191053	-0.0114688	-0.00145735	0.000581727	-0.000426257
-6.59766e-05	-0.0416908	-0.040145	-0.000807296	0.000370105	0
0.0120167	0.00903585	0.0343675	-0.00139449	0.000370105	-0.000321534
-5.28363e-05	-0.0186777	-0.0319543	-0.000696386	0.000370105	-0.000438861
-5.80354e-05	0.0155531	0.0110862	-0.00106026	0.000620105	-0.000438861
-0.0150925	-0.00206196	0.0158132	-0.000890799	0.000524905	-0.000438861
-0.00726634	-0.00853148	0.0210097	-0.000446742	0.000620105	-0.000438861
-0.0079996	0.0326926	0.0662516	-0.00122191	-0.000147633	-0.000438861
-0.0171309	-0.00958175	-0.0228399	-0.000932552	-4.63591e-05	-0.000609151
-0.00431517	0.0329745	0.063488	-0.000620151	2.11605e-05	-0.000438861
-0.025634	0.0409325	0.0966573	-0.000884798	8.09826e-05	0.000228649
-0.0221281	0.0210935	0.0445169	0.000177518	-0.000254013	-0.000565889
0.0175567	0.0499181	0.06261	-0.000171417	9.81538e-06	-0.000325799
-0.0112398	0.0318599	0.0226199	-0.000520504	9.81538e-06	-0.000325799
-0.0112266	0.0604888	0.081404	-0.000382658	-0.000114983	-0.000245961
-0.0112396	0.0316177	0.0310364	-0.000388274	-8.14261e-05	-0.000325799
-0.000750797	0.0398261	0.0604547	-0.000279636	-0.000140764	-0.000325799
-0.0162397	0.0252145	0.0231273	-0.000658247	-0.000141727	-0.000325799
-0.00978513	0.00322563	0.0199611	0.000221814	-4.84707e-06	-0.000207205
0.0247208	0.0472298	0.0605944	-0.000492616	-4.84707e-06	-0.000325799
0.00733858	0.00189938	0.00512555	-5.84149e-05	0.000245153	-2.73983e-05
0.0189958	0.0516485	0.080723	-0.000568475	-4.84707e-06	-0.000198793
0.0145587	0.000997867	0.0205715	-0.000591991	-4.84707e-06	-8.98125e-05
0.0468114	0.0452268	0.0560384	-0.000623752	0.000491086	9.57222e-05
0.0269185	0.0147785	0.00106479	-0.000549574	0.000226631	0.000167572
0.039187	0.025466	0.0328496	-0.000306413	0.000361084	0.000244239
0.0197008	0.0074087	0.0196595	-0.000888517	0.000367447	0.00015985
0.0331941	0.0341691	0.054185	-0.000144434	5.83315e-05	0.000166701
0.0131624	0.0086338	0.00996386	-0.000492728	-0.000173034	0.000105062
0.0271382	0.0251978	0.0304158	-9.36022e-05	0.000125987	0.000213598
0.0133488	-0.0139383	-0.0249724	-2.59244e-05	0.000318682	0.000265551
0.033181	0.0095228	0.0414782	-8.57517e-05	0.000318682	0.000205927
0.00912481	-0.0357804	-0.0472877	-0.000169666	0.000318682	0.000114387
0.0482942	0.00433557	0.0171326	0.000164081	0.000318682	0.000225587
0.0196858	-0.0114137	-0.00265949	-0.000214161	0.000318682	0.000277283
0.042594	-0.00341071	-0.00666376	-0.000429158	0.000318682	0.000277283
0.042594	-0.0115236	-0.0206476	-0.000340266	0.000318682	0.000277283
0.0391243	-0.00949513	-0.0117439	0.000215286	0.000706911	0.000277283
0.042564	0.0130106	0.0121013	-0.000543124	0.000818117	0.000277283
0.0425936	-0.0183344	-0.0242489	0.000180049	0.000825519	0.000277283
0.0554311	0.0219331	0.0260189	-0.000883336	0.000849711	0.000114703
0.042617	0.0130742	0.0262057	-0.000248858	0.000409596	0.000277283
0.057526	-0.00613228	-0.00341367	-0.000484024	0.000520661	0.000178476
0.0587026	-0.02101	-0.0237872	0.000287905	0.000756918	0.000370563
0.0818933	0.0179659	0.0235733	-0.000828649	0.000409596	0.000277283
0.058711	-0.0356272	-0.0538985	-0.000381184	0.000759323	0.000642406
0.0769065	0.0403252	0.0229131	-0.000791754	0.000491272	0.000451634
0.0743773	-0.012216	-0.0261438	-1.28057e-05	0.000750905	0.000502676
0.0709276	0.0533374	0.043363	-0.000791754	0.00077367	0.000464624
0.0759313	0.000677406	0.00229341	-0.000625161	0.000806119	0.000445249
0.0796536	0.0392884	0.0393042	-0.000737635	0.000890329	0.000277283
0.0584905	0.010356	0.0015363	-0.000791754	0.000772557	0.000277283
0.084436	0.0396852	0.0264323	-0.000672378	0.00102256	0.000277283
0.0790442	0.0174152	0.0124128	-0.000763487	0.000772557	0.000333455
0.0823951	0.0085523	0.0130402	-0.000736573	0.000927097	0.000612705
0.0896996	0.00416844	-0.00643774	-0.00102839	0.00088387	0.000606499
0.079035	-0.0141143	-0.0317581	-0.000221351	0.000717218	0.00100174
0.345474	0.0861297	0.108337	-0.00175576	0.00142751	0.000187865
-0.0437459	0.0480996	0.0837641	-0.00145933	0.00134004	0.000825497
0.0725485	0.0480275	0.0401784	-0.00143488	0.00090735	0.00133061
0.115167	0.0659025	0.0577281	-0.00118785	0.000946954	0.00133061
0.121031	0.0420221	0.0195651	-0.00144752	0.00125541	0.00133061
0.104903	0.0159647	-0.0212485	-0.00111877	0.000879818	0.00133061
0.124134	0.0584527	0.0601893	-0.000838946	0.000850519	0.00133061
0.124113	0.0192589	0.0280126	-0.000859599	0.000802599	0.00163007
0.124115	0.0261335	0.0382598	-0.000680784	0.000802599	0.00175461
0.133499	0.0372046	0.0247366	-0.00145431	0.001054	0.00133061
0.124096	-0.00224243	-0.0033128	-0.000351337	0.00115792	0.0018445
0.137359	0.0472144	0.0545388	-0.000730134	0.0012184	0.00158318
0.124036	0.00630788	-0.00897398	-0.000823466	0.00122721	0.00165422
0.124051	0.0365364	0.0347608	-0.000473839	0.000862926	0.00153845
0.110377	0.0264132	0.0193715	-0.00119398	0.000862926	0.00133061
0.105046	-0.0114032	-0.0132578	-0.000542372	0.000922881	0.00133061
0.109149	0.0449224	0.0560787	-0.00109444	0.000918145	0.00133061
0.109116	0.00529859	0.015538	-0.000604623	0.000780733	0.00149959
0.131265	0.032593	0.0525425	-0.000643134	0.00106088	0.00151206
0.0994488	0.00283814	0.00520959	-0.000443656	0.000754255	0.0013306
0.112434	0.0197052	0.0347433	-0.000218509	0.00106088	0.00127436
0.0864453	-0.0186388	-0.0205776	-0.000347159	0.000827483	0.00114802
0.0802516	0.0153174	0.0298461	-0.000955762	0.000886737	0.00113539
0.0858692	-0.02212	-0.0278482	-0.000540394	0.00109423	0.00133061
0.0982916	0.0107885	0.0242741	-0.000354387	0.000892851	0.00133061
0.0835041	-0.0349376	-0.0291623	-0.000449846	0.000945028	0.0013306
0.119971	-0.0162394	-0.00448319	-0.000397112	0.000648181	0.00145425
0.0997969	-0.0189245	-0.0199797	-0.000563464	0.000945028	0.0013306
0.0976003	-0.0526363	-0.050351	0.000181356	0.00119503	0.00161525
0.111846	0.00602367	0.000343049	-0.00053304	0.000912322	0.0013306
0.101979	-0.0502497	-0.0586542	-0.00026617	0.000976268	0.00163124
0.119714	0.00149292	0.0128463	-0.000371105	0.000876833	0.00159817
0.112329	-0.0427299	-0.0465975	-9.54669e-05	0.000976268	0.00185271
0.129877	-0.0199085	-0.0240358	9.808e-05	0.000976268	0.00168474
0.105729	-0.0376005	-0.0550322	-0.000169534	0.00103725	0.0013306
0.090604	-0.0614088	-0.0710457	0.000426165	0.000881604	0.00161915
0.0996854	-0.0273156	-0.0387219	-0.000201075	0.000749943	0.0013306
0.0724833	-0.0614278	-0.101621	0.000529157	0.000976268	0.00166527
0.0975481	-0.034785	-0.0710284	-0.000229392	0.000976268	0.0013306
0.0772874	-0.0923564	-0.122879	0.000304967	0.00086666	0.00154362
0.0899085	-0.0273309	-0.0442125	0.000121088	0.000976268	0.0013306
0.0899018	-0.0571493	-0.064205	-3.0561e-05	0.000976268	0.00146391
0.112673	-0.0349246	-0.0546274	-1.91041e-05	0.000976268	0.00151088
0.104186	-0.0292039	-0.0366546	-0.000525294	0.000976268	0.0013306
0.0873428	-0.0701841	-0.0637095	7.3977e-05	0.000976268	0.00178589
0.105722	-0.0147619	-0.0251341	-0.000725713	0.000976268	0.00133061
0.0945252	-0.0678553	-0.0875292	-0.000265291	0.00106309	0.00153999
0.123218	-0.0107255	0.0027576	-0.000242045	0.000922806	0.00133061
0.0671259	-0.0339926	-0.0316611	-0.000640084	0.0010844	0.00133061
0.0921691	-0.0445621	-0.0346675	-2.70038e-05	0.0010844	0.00133061
0.107951	-0.0095015	-0.00625965	-0.000971548	0.000862411	0.00105588
0.0856353	-0.066794	-0.0687944	-0.000331252	0.0010844	0.00133061
0.112458	0.000478245	-0.000715439	-0.00115437	0.000880381	0.00133061
0.0839986	-0.0401765	-0.0579392	-0.000553142	0.0010844	0.00112444
0.112478	-0.018739	-0.0243545	-0.000594996	0.0010844	0.00126531
0.11248	-0.0159686	-0.033529	-0.00115437	0.0010844	0.00116875
0.10059	-0.0398108	-0.039686	-0.000273994	0.0010844	0.00128796
0.110459	0.00374667	-0.000407714	-0.00148512	0.0010844	0.00085935
0.0842127	-0.0363034	-0.0403079	-0.000271332	0.0010844	0.0010908
0.0763057	-0.0200844	0.0310815	-0.000868212	0.0010844	0.00211806
0.0150731	-0.0476414	-0.000431929	-0.000570895	0.000190377	0.00140141
0.0655167	-0.0381367	0.000674796	-0.00145832	0.000606724	0.00140141
0.055436	-0.046625	-0.0103126	-0.00163393	0.000694163	0.00140141
0.0830258	0.00221611	0.034999	-0.00239518	0.000951244	0.00140141
0.0822828	-0.026983	-0.00194934	-0.00187968	0.000953979	0.00192564
0.121484	0.0389541	0.076211	-0.00269135	0.00112282	0.00167114
0.102508	-0.0206162	0.0146987	-0.00269135	0.00112282	0.00172777
0.114435	0.0583669	0.0734924	-0.00298008	0.00112282	0.00160506
0.0925947	0.00857451	0.0159868	-0.00268083	0.000672016	0.00163609
0.170586	0.0580816	0.0572001	-0.00217821	0.00112282	0.00157153
0.129111	0.0311078	0.029957	-0.00262532	0.00121007	0.00172297
0.152902	0.0656404	0.0650447	-0.00251796	0.00092518	0.00164583
0.135154	0.0476734	0.0253492	-0.00261863	0.00112282	0.00157736
0.137581	0.0383878	0.039847	-0.00209025	0.00121553	0.00167222
0.159496	0.0926378	0.0822323	-0.00323093	0.00112282	0.00140141
0.137512	0.0340351	0.0045726	-0.00227385	0.00154312	0.00140141
0.143851	0.0861933	0.069832	-0.00212437	0.00154312	0.00147518
0.143914	0.054144	0.0489085	-0.00262926	0.0010697	0.0018358
0.155891	0.0707445	0.0624074	-0.002135	0.00113582	0.00173682
0.171468	0.0923831	0.0855945	-0.00262547	0.00116513	0.00174739
0.160585	0.0902251	0.0667659	-0.00228471	0.00120092	0.00194209
0.163863	0.0603112	0.0256614	-0.00274655	0.00133547	0.00187496
0.164471	0.0722632	0.0528068	-0.00222394	0.00160799	0.00199315
0.154246	0.037973	0.0208087	-0.00230192	0.00137039	0.0020054
0.170106	0.0639304	0.0608888	-0.00240824	0.00172588	0.00205617
0.158894	0.0265148	0.0225412	-0.00271421	0.0012061	0.00208466
0.187856	0.0629014	0.0592464	-0.00235327	0.00157212	0.00214279
0.166269	0.0170598	0.00676186	-0.00235003	0.00156107	0.00219235
0.176045	0.0472816	0.0504319	-0.00219753	0.00172588	0.00208466
0.168713	-0.00214851	-0.018064	-0.00217283	0.00139474	0.00208466
0.176618	0.0446345	0.0326448	-0.00188049	0.00172588	0.00208466
0.164833	0.00854454	-0.00834936	-0.00171114	0.00130516	0.0022406
0.164178	0.0482185	0.0348027	-0.00220542	0.0014343	0.00208466
0.158138	-0.0111264	-0.012026	-0.00321074	0.00170505	0.00234018
0.119184	-0.227107	-0.215941	0.00308254	0.000759449	0.00276692
