-0.0691554	-0.113045	-0.181865	0.000485697	-0.00108061	-0.000325139
-0.0501275	-0.0786044	-0.229721	-0.0001088	-0.00106422	-0.000171921
-0.0690594	-0.120296	-0.164542	0.000437242	-0.000558773	-0.000402633
-0.0690367	-0.0808085	-0.157493	-0.000193287	-0.000420291	-0.000402633
-0.0690712	-0.105947	-0.114896	-1.9376e-05	-0.00048556	-0.000402633
-0.0549075	-0.0701891	-0.133432	-0.000193287	-0.000435997	-0.000402633
-0.041908	-0.019351	-0.131194	-0.00197081	-0.000595858	-0.000402633
-0.052311	-0.119088	-0.113841	-0.00139028	-0.000413927	-0.000402633
-0.0489499	-0.0592516	-0.121799	-0.00144554	-0.000897105	-0.000111023
-0.0497278	-0.0446106	-0.111758	-0.00158084	-0.000166151	-0.000253294
-0.069126	-0.0766794	-0.0371509	-0.000774076	-0.000430001	-6.49349e-05
-0.0503177	-0.0340476	-0.0574206	-0.00160302	-0.000258561	4.86147e-05
-0.0378342	-0.0126951	-0.0615479	-0.00193547	-0.000490062	-1.16078e-05
-0.0302532	-0.0604174	-0.0209846	-0.000820616	-6.74639e-05	-8.9099e-05
-0.0339849	0.00954984	-0.0613785	-0.00142924	-0.000109091	-0.000402633
-0.0163373	0.00351428	-0.0673946	-0.00141274	-0.000165312	-3.74553e-05
-0.0141837	-0.0758672	-0.0774819	-0.000239714	-6.55546e-05	-8.92412e-05
-0.016312	0.0200104	-0.0833822	-0.00153767	-0.000168246	-0.000151573
-0.00447244	-0.0182088	0.0172294	-0.00130983	0.00010007	-0.000239944
-0.011052	0.00758855	0.00396148	-0.000703872	5.30737e-06	-0.00023486
-0.00595009	-0.00342085	0.00104645	0.00030892	5.30737e-06	4.9134e-05
0.00427651	0.0391049	0.00393924	-0.0021817	5.30738e-06	-0.000213009
0.0046244	-0.0217077	0.0039552	-0.00185149	3.14238e-05	-0.000402633
0.0167608	0.0154051	0.0220773	-0.00185149	0.000258188	-0.000402633
0.0142096	0.0180321	0.0166853	-0.00120554	-9.6389e-07	-0.000136946
0.0302459	0.0154639	0.0202574	-2.56523e-05	0.000226525	0.000148786
0.0243251	0.0337157	-0.00167796	0.000637203	-9.6389e-07	0.000298516
0.0302307	0.0236154	-0.00341113	0.000258708	0.000136753	0.000166994
0.0302198	0.0702663	-0.00228266	-0.00254958	-9.6389e-07	-0.000178884
-0.0108347	0.0098803	0.0877434	-0.00116967	-9.6389e-07	-0.000243003
0.0054435	0.0984005	0.0448276	-0.00185546	-9.6389e-07	-0.000243003
0.00340177	0.0181478	0.0627107	-0.00055346	-9.6389e-07	-0.000243003
0.0154424	0.0657064	0.0430702	0.000583527	7.10469e-05	-0.000243003
0.0317623	0.0384784	0.0291005	0.00213249	0.000286633	0.000249838
0.0247241	0.075767	0.0442574	0.00324439	-9.6389e-07	0.000303983
0.0138172	0.107877	0.0472683	-0.000352042	-9.6389e-07	-0.0003017
0.0154026	0.0711626	0.120707	-0.00101796	0.000100563	-0.000243003
0.0158234	0.105261	0.0686286	-0.00143069	-9.6389e-07	-0.000511787
0.02158	0.0633149	0.117942	-0.000780026	0.000266962	-0.000445189
0.0138224	0.077564	0.159217	-7.57349e-05	0.000231432	-0.000164055
0.0100699	0.0902099	0.140735	0.000263571	0.000141865	-0.000243003
0.0138738	0.105796	0.122625	0.00213269	-6.07388e-05	-0.000243003
0.0336071	0.0903444	0.0710065	0.00510009	0.000363598	2.23502e-05
0.03457	0.118591	0.0157801	0.0054452	0.000363598	-4.91286e-05
0.03795	0.0991803	0.0089308	0.00631666	0.000363598	0.000182001
0.0472966	0.123402	0.0117292	0.0060634	0.000363598	0.000138362
-0.0236415	0.271553	0.565438	0.00199026	0.000154648	0.000623014
-0.00901145	0.345272	0.704461	0.00143356	0.000205965	0.000915972
0.00852111	0.485679	0.799683	-0.00204516	0.000863141	0.000712103
-0.00212882	0.343982	0.72375	0.00206209	0.000692227	0.000462103
-0.0152974	0.388892	0.757937	-0.00157893	0.000269182	0.000462103
-0.0104654	0.348275	0.801723	-0.00274453	0.000836037	0.000203872
-0.0110227	0.34515	0.820821	-0.00387121	0.00133268	0.000128813
0.00452127	0.30576	0.817201	-0.00319704	0.00123056	0.000259185
0.0104154	0.318155	0.806426	-0.00274613	0.00125757	0.000259185
0.00193883	0.318884	0.768494	-0.00265158	0.00129664	0.000259185
0.0143604	0.314297	0.723288	-0.0023061	0.00160411	0.000132933
0.012333	0.310005	0.720789	-0.00201515	0.00121244	0.000259185
0.0124776	0.30846	0.733164	-0.00145541	0.00125144	0.000259185
0.0142782	0.314049	0.727301	-0.00137413	0.00137025	0.000259185
0.0178396	0.312119	0.715574	-0.00245505	0.00131609	-4.59605e-05
0.0172481	0.308755	0.732243	-0.00278447	0.00168349	9.04614e-05
0.0219807	0.305408	0.724583	-0.00278447	0.00165818	8.77804e-05
0.0198546	0.301984	0.715374	-0.0016161	0.00153503	0.000168456
0.0262908	0.331062	0.666865	-0.000129909	0.00126244	0.000259185
0.0351418	0.30687	0.655592	-2.84308e-05	0.00101488	0.000319644
0.0448695	0.317795	0.682084	-0.00250925	0.00136471	0.000259185
0.0173949	0.354531	0.728407	-0.00303584	0.00101488	-5.26528e-05
0.0253632	0.337671	0.773094	-0.00421039	0.00119163	-0.000110295
0.0320433	0.336878	0.803106	-0.00398784	0.00176616	-3.15418e-05
0.0360016	0.357085	0.784202	-0.00330479	0.00183608	-0.000294704
0.0322008	0.337986	0.769189	-0.00277927	0.00163887	-0.000197338
0.0369133	0.363971	0.914337	-0.00457072	0.00150679	-8.6607e-05
0.0526831	0.355022	0.8481	-0.00305429	0.00189426	0.000201204
0.0526699	0.348624	0.731124	-0.001019	0.00190541	-4.8716e-05
0.048498	0.361119	0.679125	0.000204519	0.00181099	0.000134233
0.0530235	0.315107	0.55787	0.0031397	0.00194071	0.000371842
0.0709616	0.350636	0.561361	0.00179363	0.00151094	0.000259186
0.0530048	0.332623	0.689655	-0.000220332	0.00177054	0.000207259
0.0563672	0.348938	0.598363	7.11883e-05	0.00171808	0.000173483
0.058107	0.349498	0.583175	-0.000552914	0.00182441	-8.97825e-05
0.0713424	0.305472	0.54723	0.00133838	0.0018135	0.000259186
0.0724139	0.306342	0.461661	0.00304818	0.00176829	0.000502706
0.0786308	0.267597	0.361221	0.00503233	0.00165774	0.00079441
0.0783024	0.332545	0.474539	0.00102012	0.00187121	0.000259186
0.0783302	0.275256	0.489805	0.00243841	0.00181492	0.000259186
0.0842717	0.312295	0.465269	0.00245691	0.00181492	0.000515668
0.0785105	0.295813	0.481986	0.00400676	0.00181492	0.000830599
0.078281	0.336974	0.511932	0.00239513	0.00227428	0.000910172
0.0785355	0.291118	0.436884	0.0045032	0.00181492	0.000910172
0.0785668	0.309383	0.514628	0.00444565	0.00181492	0.00102066
0.0874961	0.462114	0.684998	0.00296151	0.00187973	0.000910172
0.0710897	0.538214	0.730418	0.0125537	0.000787583	0.00162559
0.0749838	0.5976	1.09231	0.00194511	0.0011479	0.00155894
0.0865661	0.563872	1.1365	0.00247304	0.00206167	0.00115789
0.0913569	0.587212	1.12224	0.00160745	0.00226286	0.00108287
0.0909312	0.547818	1.12335	0.00386115	0.00262502	0.00102269
0.0854569	0.562026	0.966579	0.00545635	0.00262841	0.000910173
0.0955002	0.50853	0.836475	0.0100772	0.00268192	0.00104731
0.0912677	0.508657	0.789554	0.00745517	0.00253072	0.000910173
0.100627	0.491462	0.805095	0.00549316	0.0027236	0.000910173
0.107481	0.462478	0.622502	0.00765128	0.00269697	0.000910173
0.132752	0.399201	0.419481	0.0124093	0.00220039	0.00186483
0.147108	0.437649	0.288975	0.0151392	0.00196287	0.00265912
0.156157	0.420626	0.164329	0.0182857	0.00196146	0.00301606
0.133466	0.444284	0.195618	0.0168731	0.0017857	0.00268502
0.133364	0.44131	0.226514	0.0154377	0.00183558	0.0024497
0.146666	0.414783	0.256397	0.0122888	0.0016758	0.00256963
0.148431	0.363018	0.293396	0.00980124	0.00216751	0.00199471
0.139976	0.36341	0.272116	0.0116507	0.00231341	0.00224074
0.131825	0.372746	0.247448	0.0120744	0.0021802	0.002165
0.100792	0.394769	0.265862	0.0114004	0.00194507	0.002165
0.0973085	0.363272	0.253677	0.0110613	0.00172363	0.00202163
0.0870398	0.331082	0.20418	0.010717	0.00152516	0.002165
0.123781	0.36054	0.207989	0.00723548	0.001577	0.00180936
0.127889	0.308397	0.275659	0.0078096	0.00204882	0.00175298
0.121626	0.323505	0.167098	0.0091948	0.00210073	0.0017103
0.111671	0.297563	0.183536	0.0103227	0.00191385	0.002165
0.117562	0.339139	0.225658	0.00880222	0.00198923	0.00187564
0.111117	0.321326	0.229458	0.0103073	0.00190228	0.002165
0.102156	0.340666	0.210623	0.0103593	0.00192809	0.00201097
0.110172	0.354281	0.218202	0.0100386	0.00187119	0.002165
0.0945101	0.340987	0.209487	0.0106415	0.00121071	0.002165
0.0831674	0.324362	0.177004	0.010333	0.00184675	0.00199517
0.0693487	0.326606	0.162745	0.0101989	0.00164859	0.00195254
0.0642973	0.299245	0.10656	0.0101878	0.00121071	0.002165
0.0618035	0.314743	0.104319	0.0101306	0.00136385	0.00201164
0.068149	0.334183	0.142385	0.0102748	0.00150641	0.002165
0.0612903	0.279359	0.0694034	0.010205	0.00141696	0.00184157
0.036458	0.272397	0.0494912	0.0100048	0.00117118	0.002165
0.0505148	0.33035	0.116404	0.00998272	0.00127626	0.00196878
0.0582236	0.322055	0.121871	0.0102385	0.00116987	0.00202252
0.0424212	0.284233	0.0608259	0.0100391	0.00112003	0.00207283
0.0582681	0.309854	0.118899	0.00927015	0.00095867	0.002165
0.0407859	0.256892	0.0267144	0.00975778	0.00116998	0.002165
0.0423522	0.278019	0.0063029	0.010594	0.0010527	0.00172729
0.087063	0.277974	0.0190814	0.00840765	0.00134118	0.00176294
0.0942	0.256568	0.220998	0.00557902	0.0014676	0.00131441
0.0993436	0.339136	0.286551	0.00188392	0.00175643	0.000894448
0.0880462	0.309865	0.392841	7.35695e-05	0.00125134	0.000302783
0.0840519	0.288582	0.382916	0.00014448	0.00164616	-3.86165e-05
0.0877966	0.343504	0.429019	-0.000761609	0.00148201	0.000105568
0.109893	0.281346	0.450807	0.000770428	0.0019193	0.000222779
0.0876601	0.368022	0.467169	-0.00056149	0.00178316	0.00019042
0.102238	0.279585	0.429635	0.00295373	0.00212835	0.000626889
0.104775	0.292139	0.347661	0.0048409	0.00193529	0.00102618
0.110749	0.310606	0.333889	0.00610977	0.00164616	0.00158882
0.0873116	0.247255	0.226916	0.00857831	0.00138379	0.00182724
0.0770174	0.274935	0.182459	0.0078476	0.00129502	0.00188193
0.0738944	0.268099	0.208515	0.0081606	0.000883842	0.00202098
0.0514262	0.234068	0.111141	0.00784199	0.000883842	0.00201426
0.0510272	0.238652	0.0983445	0.00803915	0.000689189	0.00202227
