0.0484498	0.0326604	7.15336e-05	-0.00117618	0.000901628	0
-0.0090062	-0.0476868	0.0200867	-0.000112178	-6.94154e-05	-6.28315e-05
-0.00900846	0.00594168	0.0237187	0.000194939	-0.000120958	0
-0.00903892	0.00589841	-0.0282514	0.000631445	-0.000512644	0
-0.00127683	0.0635046	-0.0791502	0.000795559	-3.9808e-05	0
0.0121832	-0.0184814	-0.126509	0.00132223	1.02387e-05	0
0.0178982	-0.0474837	-0.116064	0.00191463	-0.000284681	0.000319596
0.0414225	0.00209652	-0.0980012	0.00162716	-0.000512644	0.000811316
0.0298145	0.0340801	-0.151585	0.00205973	-6.12023e-05	0.000361205
0.0240172	0.0293794	-0.196175	0.0020281	-1.04343e-06	0.000213428
0.0235354	-0.0408657	-0.190478	0.00244269	-0.000186125	0.000124906
0.0107386	-0.0457362	-0.188357	0.00293918	-0.000182466	0
0.0223004	0.0119248	-0.226079	0.00273684	-4.51087e-05	0
0.0197985	-0.0062391	-0.260783	0.00308719	0.000365874	-0.000355541
0.0485652	-0.0430475	-0.22956	0.00344082	0.000274092	0.000356686
0.0384179	-0.0431379	-0.245609	0.00380836	-0.000160624	0.000478953
0.0386034	0.0186736	-0.264106	0.00364902	0.000486002	0.000420639
0.0228319	-0.00291741	-0.287542	0.00425533	0.000238608	0
0.0384599	-0.0470057	-0.242184	0.00410702	-0.000151042	0.000503919
0.0617208	-0.0135525	-0.254324	0.00412219	-0.000389142	0.000719649
0.0723903	0.00813424	-0.251206	0.00376767	-2.12849e-05	0.000691334
0.0789382	-0.016005	-0.225644	0.00430445	-0.000368163	0.00125064
0.101149	0.0452514	-0.229963	0.00378061	9.88433e-05	0.00110826
0.0951947	-0.0205853	-0.208603	0.00421847	-0.000304876	0.00134168
0.0945014	-0.0205451	-0.26234	0.00402119	-0.000381865	0.0014125
0.0995172	0.0152979	-0.319228	0.0036422	0.000303691	0.000911751
0.11346	-0.0539782	-0.271033	0.00466897	-0.000218854	0.00171345
0.101683	-0.0226867	-0.262176	0.00440174	-0.000311723	0.00156998
0.0749741	0.0284543	-0.311717	0.00403799	-7.86327e-05	0.00106475
0.0797339	-0.0381221	-0.311681	0.00458721	-0.000414168	0.000911751
0.0809327	-0.0506104	-0.316484	0.00505045	-0.000848861	0.00145548
0.0972008	0.038704	-0.327914	0.00457337	-0.000144846	0.00123198
0.0855625	-0.0310136	-0.325551	0.00430839	-6.78879e-05	0.0011195
0.0789359	-0.0642401	-0.311596	0.00523813	-0.00105242	0.0016667
0.0969708	0.0278544	-0.321837	0.00422068	-0.00057913	0.00141229
0.0890192	-0.0524517	-0.331838	0.00491009	-0.000685874	0.00147269
0.0970067	-0.0525991	-0.326831	0.00527045	-0.000544511	0.00164753
0.0972686	0.00225935	-0.368822	0.00472025	0.000285895	0.00147269
0.0551546	-0.0282277	-0.349725	0.00508787	0.000117533	0.000769195
0.0732082	-0.0806989	-0.352293	0.00561682	-0.000221173	0.00106707
0.0733323	-0.01824	-0.377654	0.00559612	-3.44274e-05	0.000961215
0.0733974	0.00796797	-0.37365	0.00487554	0.000421396	0.000703401
0.0414444	-0.0719519	-0.37303	0.00600651	-6.72751e-05	0.000654078
0.0278396	-0.0633222	-0.38891	0.00637268	-0.00042714	0.000625164
0.0447273	0.00573123	-0.421685	0.00604837	0.000153056	0.000103656
0.0150303	-0.0474701	-0.459766	0.00603211	0.000413081	0.000100265
0.00344181	-0.114456	-0.465878	0.00679199	-0.000160661	0.000124279
0.0082597	-0.031255	-0.477346	0.00711953	9.688e-05	8.82143e-05
0.0286702	-0.0124451	-0.477017	0.00603014	0.000456955	1.64775e-05
0.0188976	-0.0894076	-0.465798	0.0069328	0.000168601	0.000126456
0.00852519	-0.0673566	-0.472454	0.00757382	0.000221614	0.000208476
0.0286878	-0.00398057	-0.493686	0.00662494	0.000523026	-0.000223016
0.0287749	-0.0627038	-0.455512	0.0067854	0.000665914	-0.000325985
0.0284359	-0.0857392	-0.452746	0.0073811	-0.000119865	0.000389701
0.00736826	-0.0217515	-0.517454	0.00750123	0.000100898	8.67987e-05
0.0101921	-0.0415648	-0.544326	0.00711938	0.000100043	8.67987e-05
0.00605204	-0.113151	-0.493994	0.00749448	-0.000108484	0.000147017
0.0114393	-0.0187635	-0.507348	0.00732466	-0.000243039	0.000229499
0.00177455	-0.052221	-0.48553	0.00733043	-2.00461e-05	1.82212e-05
-0.00252159	-0.0820474	-0.522876	0.00796712	-0.000240065	0.000301255
0.00562027	0.00449216	-0.539303	0.00704661	0.000308189	8.67987e-05
-0.00219174	-0.0888342	-0.509936	0.00765042	-0.000209991	8.67987e-05
-0.00510728	-0.0773797	-0.518465	0.00802436	-0.000408787	8.67987e-05
0.0026463	-0.000674175	-0.533805	0.00734505	0.000284501	0.000288762
-0.00826192	-0.0556351	-0.554927	0.00765535	0.000112804	8.67987e-05
-0.039518	-0.109327	-0.524527	0.00836548	-0.000173426	-0.000167515
-0.031192	-0.0527903	-0.532889	0.0087918	-0.000285369	8.67988e-05
-0.0153816	0.0108222	-0.586543	0.00802834	0.00014902	8.67988e-05
-0.0494763	-0.1008	-0.585328	0.0087386	-9.74401e-05	-0.000321412
-0.0506088	-0.0773724	-0.600164	0.00934524	-0.000227398	-0.0005268
-0.0256593	-0.00654923	-0.577491	0.00792209	0.000468851	-0.00027445
-0.0635313	-0.0980049	-0.610273	0.00892908	3.84917e-05	-0.000383261
-0.076271	-0.0947577	-0.624104	0.00929761	0.000128574	-0.000795019
-0.0545545	-0.0125369	-0.654205	0.00862598	0.000774841	-0.00105132
-0.0843324	-0.107714	-0.662715	0.00930198	0.000362796	-0.00117705
-0.0790923	-0.0651173	-0.705539	0.00981181	0.000575655	-0.00125532
-0.0950282	-0.0381845	-0.695965	0.00929044	0.00053724	-0.00134446
-0.115143	-0.107219	-0.67568	0.0102782	-5.5081e-05	-0.00129105
-0.110532	-0.0329719	-0.692399	0.0100585	-9.9651e-05	-0.00116901
-0.115741	-0.0766899	-0.722841	0.00998752	-0.000134975	-0.00141633
-0.126147	-0.130277	-0.702355	0.0108577	-0.000479236	-0.00149825
-0.115645	-0.0366267	-0.716075	0.0100409	-0.000237404	-0.00136346
-0.138404	-0.0899178	-0.729281	0.0105735	0.000132539	-0.00188971
-0.148124	-0.0952486	-0.724187	0.010908	7.14074e-05	-0.00182746
-0.122036	-0.0273558	-0.73036	0.0099864	0.000444318	-0.00160963
-0.141573	-0.104425	-0.742985	0.0111705	-0.0001774	-0.00177672
-0.129038	-0.064235	-0.750345	0.0108632	0.000145071	-0.00156739
-0.133271	-0.0441308	-0.750126	0.0101335	0.00039809	-0.00180001
-0.146664	-0.127209	-0.769368	0.0112566	0.000157335	-0.0017828
-0.117074	-0.0302628	-0.753077	0.01056	0.000671766	-0.00173207
-0.158994	-0.111522	-0.777754	0.0112285	0.00044491	-0.00193672
-0.134864	-0.0751266	-0.786124	0.0114439	0.000417378	-0.0020039
-0.137386	-0.0666558	-0.813954	0.0107197	0.000853562	-0.00193673
-0.166538	-0.134414	-0.806506	0.0119035	0.000761109	-0.00247925
-0.14032	-0.0577219	-0.840334	0.011899	0.00123731	-0.00222853
-0.143602	-0.0886811	-0.846295	0.0117236	0.00123731	-0.00233846
-0.143912	-0.102852	-0.812283	0.0120549	0.000765444	-0.00233846
-0.14363	-0.0441471	-0.81579	0.0114594	0.00120239	-0.00240578
-0.143918	-0.0890022	-0.819269	0.0121458	0.000765444	-0.00225537
-0.143469	-0.0544062	-0.841558	0.0113708	0.00141337	-0.00233846
-0.164916	-0.128911	-0.819755	0.01226	0.000765444	-0.00233846
-0.148877	-0.0576586	-0.835569	0.0119862	0.000765444	-0.00233846
-0.153027	-0.0598028	-0.859926	0.011694	0.00129749	-0.00267863
-0.170627	-0.129885	-0.859775	0.0128446	0.00110434	-0.0027409
-0.170785	-0.0483255	-0.859709	0.0127211	0.000916971	-0.00263533
-0.170489	-0.0481155	-0.889079	0.0123708	0.0012935	-0.00279078
-0.179195	-0.126221	-0.866886	0.0126995	0.00107112	-0.00270785
-0.170615	-0.0793902	-0.879899	0.01288	0.00112228	-0.0026015
-0.145426	-0.0348415	-0.939733	0.012571	0.00130755	-0.00233846
-0.15607	-0.117217	-0.903297	0.0127057	0.0013711	-0.00260201
-0.1401	-0.101046	-0.896496	0.0130852	0.00100197	-0.00233846
-0.114532	-0.0554026	-0.965806	0.0131759	0.00192345	-0.00233846
-0.132272	-0.0895696	-0.989958	0.0130199	0.00214067	-0.00271892
-0.153276	-0.140081	-0.913849	0.0133869	0.0017588	-0.00301382
-0.119499	-0.0841863	-0.913821	0.0136048	0.00175906	-0.00211466
-0.118947	-0.0484388	-0.971911	0.0127884	0.0024163	-0.00237311
-0.136036	-0.124702	-0.971729	0.0137118	0.0019336	-0.00291926
-0.13597	-0.10941	-0.953858	0.0140331	0.00206611	-0.00263411
-0.113111	-0.0344806	-1.00977	0.0136976	0.00280307	-0.00247512
-0.132489	-0.118855	-0.969703	0.0133727	0.00255674	-0.00287661
-0.145378	-0.111955	-0.954764	0.0145834	0.00186548	-0.00265029
-0.132548	-0.0453234	-0.994449	0.0135764	0.00254193	-0.00267058
-0.149336	-0.089488	-0.980584	0.0141004	0.00244054	-0.00303899
-0.152021	-0.125	-0.950777	0.0144702	0.0019482	-0.00279977
-0.123034	-0.0466342	-1.0075	0.014203	0.00232705	-0.00253959
-0.135515	-0.077582	-0.98084	0.0136805	0.0023383	-0.0026142
-0.150144	-0.148121	-0.977006	0.014236	0.00198981	-0.00297944
-0.128281	-0.0252259	-0.982269	0.0139229	0.00269617	-0.00282147
-0.151657	-0.090619	-1.04942	0.0146285	0.00252237	-0.00308752
-0.165752	-0.123997	-0.985052	0.0147791	0.00171506	-0.00297944
-0.168719	-0.0662842	-0.994793	0.0148962	0.00171506	-0.00297944
-0.17446	-0.0675287	-1.02716	0.0144174	0.00171506	-0.00297944
-0.17446	-0.126875	-0.974436	0.0146418	0.00171506	-0.00297944
-0.17446	-0.0862219	-1.00646	0.015322	0.00171506	-0.00297944
-0.173962	-0.0536633	-1.01054	0.0142511	0.00230591	-0.00313666
-0.17446	-0.0963908	-1.02749	0.0150843	0.00171506	-0.00297944
-0.173827	-0.0649835	-1.07948	0.0149351	0.00240249	-0.00341229
-0.168782	-0.120695	-1.03552	0.0155219	0.00238432	-0.00306703
-0.180992	-0.0700985	-1.01743	0.0154613	0.00167124	-0.00290809
-0.170774	-0.0449976	-1.04468	0.0144383	0.00219827	-0.00300329
-0.174347	-0.118133	-1.03341	0.0154657	0.00194105	-0.00320455
-0.174347	-0.0988346	-1.02969	0.0153711	0.00194105	-0.00320455
-0.163858	-0.0356961	-1.06639	0.0150455	0.00227022	-0.00320455
-0.175093	-0.107718	-1.0662	0.0156629	0.00188485	-0.00320455
-0.177421	-0.101727	-1.06615	0.0161098	0.00194105	-0.00320455
-0.174882	-0.0713453	-1.06613	0.0164184	0.00215083	-0.00312388
-0.174532	-0.045214	-1.09727	0.0157559	0.00254966	-0.00320455
-0.192597	-0.120382	-1.09096	0.0164663	0.00196287	-0.00352251
-0.192202	-0.0506538	-1.11826	0.0160296	0.00243091	-0.0036573
-0.192254	-0.0950701	-1.11943	0.0161301	0.00237189	-0.0036573
-0.192394	-0.0959294	-1.1292	0.0171099	0.00221534	-0.0036573
-0.187666	-0.0451707	-1.12277	0.0158256	0.00250288	-0.00348614
