-0.0268193	0.0176798	-0.1152	0.00507188	-0.000867584	0.000255458
0.0236474	-0.094859	-0.116242	0.00247054	-0.000867584	0.000222295
0.0236553	-0.0541454	-0.0820617	0.0012715	-0.000867584	0.000329171
0.0058695	-0.0120422	-0.0819578	0.00237233	-0.000867584	0
-0.0092947	0.0513651	-0.0818961	0.00343744	-0.00032859	0.000531468
0.00583977	-0.0871837	-0.112707	0.00224234	-0.000581389	0
0.00583978	-0.0686878	-0.0828571	0.00191855	-0.000581389	0
-0.015841	-0.0139795	-0.0647233	0.00165686	-0.000581389	0
-0.0158487	0.0495649	-0.0171747	0.00046324	-0.000229502	0.000174396
-0.0159079	-0.100105	-0.0781751	0.000762908	-0.000557488	0
-0.0159093	-0.0444777	-0.0368346	0.00046324	-0.000637773	5.29396e-23
-0.0159079	0.00757922	-0.01182	0.000578306	-0.000557489	0
-0.0159079	-0.0277702	0.00451914	-5.69005e-05	-0.000557489	0
-0.0158715	-0.0550431	0.0044783	-0.000268275	-0.000926813	-0.0001057
0.0098337	-0.0125403	-0.00539046	4.97938e-05	-0.000557489	0.0001497
0.00317264	-0.0943851	-0.0409795	-4.58897e-05	-0.000557489	0
-0.00672025	-0.0559862	-0.0309951	4.1471e-05	-0.000557489	0
-0.0158852	-0.0538276	-0.0268124	-0.000173049	-0.000557489	-0.000211079
-0.0158805	-0.0559984	-0.0330297	-0.000399195	-0.000557489	-0.000252174
-0.0182562	-0.0418715	-0.0225656	-0.000203182	-0.00022853	-0.000358708
0.00142272	0.00105257	0.00692633	2.36412e-05	0.00051166	-0.000109113
-0.0158497	-0.0679537	0.00928253	-0.000399195	0.000396142	-0.000424681
-0.0159336	-0.0145798	0.017607	-0.000345877	0.000486272	-0.000405708
-0.000922276	-0.0146919	-0.0127544	0.000579243	-0.000130547	0
0.0171102	0.0574893	0.0315985	0.00153426	-0.00023966	0.000360134
0.00637305	-0.123838	-0.140227	0.00143589	-0.000557489	0
0.00207162	-0.0841125	-0.117877	0.000734235	-0.000557489	0
0.0199282	-0.0329369	-0.103362	0.00112019	-0.00055749	0.00039528
0.0225498	-0.0967815	-0.117988	0.00105674	-0.000354412	0.000249039
0.0159778	-0.0618482	-0.0872162	0.000479544	-0.000273677	0.000182836
0.0159653	-0.00999895	-0.0313285	0.000669218	-0.000389626	0.000468398
-0.00213705	-0.0747575	-0.0839262	0.000669218	-0.000685785	0.000152943
0.00474548	0.0259869	0.00280439	0.000232287	-0.00106307	0.000603108
-0.00214198	-0.0652576	-0.0515669	-0.000148315	-0.000739296	0.000164882
-0.00213259	-0.077628	-0.0457452	3.70618e-06	-0.000685785	0.000130199
-0.0215653	-0.0191823	-0.0274804	0.000434064	-0.000801344	0
-0.0215444	0.0140753	0.00637546	-0.000251056	-0.00111388	0.000294682
-0.0305875	-0.0822269	-0.0251129	-3.98928e-05	-0.00120732	6.61744e-24
-0.0316936	-0.0393169	-0.0145903	-0.000304952	-0.00128505	-1.05879e-22
-0.0216059	0.00542095	0.0419946	-0.000739726	-0.00120732	0.00040113
-0.0159808	-0.0227867	0.013967	-0.00112214	-0.00120732	0.000519008
-0.0216328	-0.0641008	0.00911176	-0.000908671	-0.00120732	0.000408784
-0.011662	0.00792895	0.0143697	-0.00152417	-0.00120732	0.000571298
-0.0216074	-0.0923831	-0.012977	-0.000962371	-0.000946053	0.000190858
-0.0216105	-0.0581248	0.00179242	-0.000815096	-0.00120732	0.000190076
-0.00852944	-0.044106	0.0172958	-0.00136976	-0.00101913	0.000482018
-0.0134925	-0.0507498	-0.00881274	-0.000952676	-0.00110233	0.000568576
-0.0216154	-0.0476396	0.00746616	-0.00112696	-0.000866702	0.000378713
-0.0266128	-0.0347744	-0.00883132	-0.00128034	-0.00120732	0.000326552
-0.02955	-0.0584131	-0.00882141	-0.00127803	-0.00120732	0.000335219
-0.0255047	-0.0348679	-0.0119846	-0.00164941	-0.00120732	0.000400696
-0.0138099	-0.0550963	-0.0319524	-0.000823325	-0.000870407	0.000553793
-0.0114985	-0.0130045	-0.0457595	-0.000745865	-0.000818417	0.000686191
-0.0298494	-0.0944154	-0.0636866	-0.00010851	-0.00120732	0.000306702
-0.021608	-0.0541751	-0.0887146	-9.07465e-05	-0.00120732	0.000200049
-0.0216373	-0.0816453	-0.0695491	-9.07465e-05	-0.00120732	0.000425616
-0.0118084	-0.0691308	-0.0824314	-0.000175674	-0.000737496	0.000524084
-0.0216174	-0.0544245	-0.0712332	-0.000319697	-0.00120732	0.000373426
-0.0313873	-0.080838	-0.0630215	-0.000328563	-0.001149	0.000152238
-0.0293926	-0.0278965	-0.0259689	-0.00107618	-0.00120732	0.000487204
-0.00411333	-0.0772642	-0.0511324	-0.00025604	-0.000996861	0.000509669
-0.026487	-0.0227806	-0.0460443	-0.000722528	-0.000956225	0.000400718
-0.0407367	-0.0816161	-0.0479485	-0.000552068	-0.000956225	0.000210459
-0.0396003	-0.0504027	-0.0479452	-0.000453785	-0.000956225	0.000184854
-0.0452805	-0.0816178	-0.0402845	-0.000457959	-0.000956225	0
-0.039598	-0.0209541	-0.0185832	-0.000938408	-0.000956225	0.000225458
-0.0337897	-0.102721	-0.0262932	-0.000780873	-0.000956225	0.000173777
-0.0478351	-0.0493245	-0.0306197	-0.000881139	-0.000956225	0
-0.0591265	-0.0769319	-0.0306035	-0.000691437	-0.000956225	2.11758e-22
-0.059109	-0.054736	-0.0518041	-0.000742264	-0.000956225	-0.00025251
-0.0684166	-0.0671808	-0.0381643	-0.000768661	-0.000956225	-0.000236242
-0.0670725	-0.056137	-0.051449	-0.000765368	-0.000956225	0
-0.0591266	-0.0681363	-0.0531971	-0.000698294	-0.000956225	0
-0.0591266	-0.0557883	-0.0636096	-0.000978697	-0.000956225	0
-0.0591265	-0.0492922	-0.0520883	-0.0010181	-0.000956225	0
-0.0396258	-0.0426667	-0.058632	-0.00154268	-0.000785912	0.000157634
-0.0348564	-0.0866801	-0.0585712	-0.00103404	-0.000956225	0.000307571
-0.0205122	-0.0242072	-0.0585882	-0.00106994	-0.000688027	0.000608324
-0.0178855	-0.0725528	-0.0352157	-0.00127149	-0.000516263	0.000468041
-0.0178813	-0.026803	-0.022228	-0.001887	-0.000719814	0.000358327
-0.017934	-0.0738341	-0.0226232	-0.00114962	-0.000511993	0.000564839
-0.0179036	-0.0245569	-0.0057284	-0.00200488	-0.00052251	0.000616774
-0.0179323	-0.0669526	-0.0226925	-0.00192553	-0.000539928	0.000641924
-0.0179023	-0.0177576	-0.0263817	-0.00189052	-0.000394777	0.000661243
-0.0286869	-0.0798878	-0.0580716	-0.00127709	-0.000609388	0.00028265
-0.023451	-0.0731065	-0.14932	0.000582896	-0.000609388	0.000262592
-0.0223981	-0.0801271	-0.0981329	0.000279184	-0.000609388	0.000563258
-0.0139098	-0.0186073	-0.0581003	-0.000921962	-0.000609388	0.000846239
-0.017932	-0.0916898	-0.0742266	-0.000586744	-0.000452717	0.0006179
-0.0202632	-0.0382982	-0.0541561	-0.00103317	-0.00048344	0.000694791
-0.0179569	-0.0775058	-0.0563467	-0.000608353	-0.00042547	0.000652881
-0.0179553	-0.0379779	-0.0362991	-0.00132585	-0.000609388	0.000724345
-0.02194	-0.0739133	-0.0627893	-0.00114151	-0.00034958	0.000620643
-0.0179663	-0.0443768	-0.062805	-0.00132585	-0.000609388	0.000661493
-0.0179718	-0.0739716	-0.102854	-0.000649124	-0.000609388	0.000612754
-0.0309109	-0.0276109	-0.0807366	-0.00132585	-0.000609388	0.000623643
-0.0298257	-0.102256	-0.0655757	-0.00114586	-0.000609388	0.000476404
-0.0369871	-0.00250026	-0.0477464	-0.00136985	-0.000697872	0.000587005
-0.0261763	-0.102529	-0.0801874	-0.000984936	-0.000473863	0.000458446
-0.0280489	-0.0534549	-0.0778056	-0.00110527	-0.00066553	0.000395954
-0.0307738	-0.0852806	-0.0907933	-0.000620213	-0.000609388	0.000388341
-0.0349103	-0.0419952	-0.0757704	-0.000720836	-0.000609388	0.000435037
-0.0431683	-0.10228	-0.0908423	-0.000720836	-0.000277943	0.00034442
-0.0425407	-0.0582211	-0.0908486	-0.000894618	-0.00046491	0.000417211
-0.0400222	-0.0958934	-0.0822665	-0.0008058	-0.00026642	0.000353782
-0.0349699	-0.0689709	-0.080503	-0.00127461	-0.000609388	0.000572487
-0.0349177	-0.0959161	-0.0908119	-0.000664076	-0.000137087	0.000430814
-0.0349493	-0.0794098	-0.090915	-0.00139555	-0.000324348	0.000509545
-0.0348923	-0.0905337	-0.115888	-0.000795154	-0.000104748	0.000474039
-0.0348195	-0.119404	-0.22423	0.000667406	-0.000294719	0
-0.034919	-0.0937752	-0.223717	0.00125217	-0.00062582	0.000347556
-0.0468022	-0.0841368	-0.198085	0.000851372	-0.000781975	0.000139629
-0.0522441	-0.093526	-0.130474	-0.000194559	-0.000862432	0.000254303
-0.0522422	-0.0935232	-0.134029	-0.000189189	-0.000860831	0.000196274
-0.0313672	-0.0840488	-0.160693	0.000567862	-0.000781975	0.000670461
-0.0522116	-0.11064	-0.176869	0.000832769	-0.000781975	0
-0.0501254	-0.0830705	-0.160858	0.000675521	-0.000781976	0.000183982
-0.052225	-0.113188	-0.17684	0.000994639	-0.000844029	0
-0.0522204	-0.0811504	-0.207476	0.000740507	-0.000781976	9.44961e-05
-0.0522116	-0.101405	-0.20743	0.00115652	-0.000781976	0
-0.0522232	-0.115112	-0.207496	0.000526512	-0.000781976	9.84871e-05
-0.0719916	-0.0990634	-0.207669	0.00020224	-0.000835123	-5.80561e-05
-0.0617802	-0.115122	-0.231095	0.000526512	-0.000781976	0
-0.0579881	-0.141889	-0.223571	0.000526512	-0.000781976	0
-0.0681195	-0.108307	-0.210245	0.000117944	-0.000781976	0
-0.0687731	-0.134719	-0.207005	0.000254561	-0.000781976	6.06984e-05
-0.0567688	-0.112799	-0.215785	-6.96557e-05	-0.000781976	0
-0.0550806	-0.118737	-0.198757	-0.000185484	-0.000781976	8.33334e-05
-0.0719744	-0.139483	-0.207919	-1.58183e-05	-0.000781976	-7.28077e-05
-0.071986	-0.130427	-0.207928	-7.27698e-05	-0.000781976	0
-0.0719383	-0.129386	-0.191419	-3.5858e-06	-0.000781976	-0.000232601
-0.0719185	-0.14189	-0.207901	-0.00010136	-0.000781976	-0.000310952
-0.0899561	-0.129698	-0.192613	-0.000816982	-0.000476595	-0.000407062
-0.100871	-0.143826	-0.208076	-0.000598915	-0.000325535	-0.000702736
-0.105952	-0.151562	-0.208029	-0.000237804	-0.000150137	-0.000647557
-0.0991904	-0.135005	-0.214927	-0.000820132	-5.59324e-05	-0.000712465
-0.10589	-0.13441	-0.221124	-0.00118783	-6.07094e-05	-0.000878155
-0.0880858	-0.16853	-0.225858	-0.000702169	-6.07094e-05	-0.000430795
-0.0594453	-0.0977795	-0.207045	-0.000775976	-0.000855059	-0.000128209
-0.0461624	-0.0665814	-0.178907	-0.000311211	-0.000598468	0.000537966
-0.046159	-0.117437	-0.171416	-0.000607372	-0.000694232	0.000267007
-0.0461961	-0.0995237	-0.162255	-0.000482755	-0.000939174	0.000307562
-0.0462345	-0.0756093	-0.162287	-0.000955841	-0.00101249	0.000537966
-0.0462088	-0.0994373	-0.162271	-0.000607372	-0.000869427	0.000537966
-0.0630261	-0.10665	-0.162297	-0.00101676	-0.000958888	0.000537966
-0.0630261	-0.0956886	-0.144362	-0.00110108	-0.000958888	0.000537966
-0.0630261	-0.0785432	-0.136037	-0.00134417	-0.000958888	0.000537966
-0.0630261	-0.106655	-0.144362	-0.00110108	-0.000958888	0.000537966
-0.0630592	-0.0948513	-0.144534	-0.00110108	-0.00120889	0.000537966
-0.0630261	-0.119646	-0.165567	-0.00044621	-0.000958888	0.000537966
-0.0629729	-0.0877188	-0.180606	-0.000706596	-0.000625205	0.000537966
-0.0697222	-0.132663	-0.18383	-0.000311254	-0.000421289	0.00019289
