0.0178968	-0.182623	-0.243248	0.00194151	0	0.00042
-0.0107608	-0.0676433	-0.205824	0.00134722	0	0.000289592
-0.000146913	-0.173658	-0.249419	0.00107462	-0.000528155	0.000157685
-0.000117756	-0.141027	-0.230999	0.000909258	-0.000561115	0
-9.37057e-05	-0.0370142	-0.162275	0.000976021	-0.000415985	0.000335566
0.00924759	-0.0955362	-0.169587	0.00109239	0.000181561	0.000395754
-3.0246e-05	-0.106675	-0.140385	0.000899354	0.00016665	0.000234854
0.00609799	-0.0377855	-0.120341	0.00033765	0.0002693	0.000155547
-0.011715	-0.111253	-0.110091	0.000563046	0.000253406	0
-0.0117198	-0.0560133	-0.102181	-0.000261244	0.000122907	-0.000185297
-0.0117309	-0.0931718	-0.109612	-8.72202e-05	0.000272683	-0.000139257
-0.0117309	-0.0931719	-0.11235	-8.72202e-05	0.000227258	-5.92522e-05
-0.0157743	-0.0347975	-0.0865097	-0.000266277	0.00011473	-0.000202524
-0.0116565	-0.109175	-0.0928513	-0.000659776	9.96095e-05	-0.000604755
0.00712519	-0.0810894	-0.0878494	-0.000177568	8.63161e-05	-0.0003512
0.0070536	-0.0560286	-0.0530333	-0.00033722	-0.000415985	6.5178e-05
-0.00203436	-0.0577475	-0.0328442	-0.00025751	-0.0004628	-0.000180507
0.0138663	-0.0592358	-0.0359997	-0.000219262	-0.000310837	0.000302974
-0.000364706	-0.00297011	-0.0268908	-0.000292394	-0.000128361	9.84632e-05
-0.00551011	-0.0301154	0.0048095	0.000533432	-0.000174338	9.39135e-05
0.00128839	-0.00294682	-0.0173711	-0.000979604	-8.36796e-05	8.0819e-05
-0.00639452	-0.0146596	-0.0173849	-0.00037486	6.30926e-05	-2.15445e-05
0.00263256	-0.00292848	0.0234622	0.0011974	0.000119479	-0.000180507
0.0137932	0.0274599	0.0265878	0.00106238	0.00041733	-0.000236533
0.0137892	0.0204702	0.0428133	0.000690364	0.000552779	-0.000180507
0.0137819	0.00753717	0.0634917	0.00119446	0.000626899	-0.000201015
0.0137696	0.0143128	0.0634844	0.00127485	0.000854906	-0.00058376
0.013808	0.0432176	0.0447412	0.00108192	0.000600399	-0.000356976
0.0137807	0.0358925	0.0697309	0.00143615	0.000732411	-0.000583761
0.0137597	0.0540389	0.0930403	0.00242983	0.00100263	-0.000261154
0.0137668	0.100388	0.0948382	0.00179787	0.00105394	-0.000210321
0.0137805	0.0956335	0.113217	0.00217435	0.000983958	-0.000260515
0.0220435	0.0960705	0.0919402	0.00248638	0.000960314	-8.38893e-05
0.0207919	0.114766	0.0972358	0.00196116	0.000683069	-0.000153326
0.0228924	0.0940753	0.0918695	0.00215406	0.000569832	-7.65944e-05
0.0228033	0.0991209	0.0734455	0.00210395	0.000302779	3.12174e-05
0.0304743	0.0902037	0.0756753	0.00174888	0.000302779	3.12174e-05
0.0304743	0.0821777	0.121442	0.00131006	0.000302779	3.12174e-05
0.0304621	0.0479629	0.121434	0.00149727	0.000366655	3.12174e-05
0.0304613	0.0479795	0.093591	0.00167803	0.0004019	3.12174e-05
0.0304522	0.0621407	0.0996422	0.00121567	0.000401005	-0.000202664
0.0303912	0.0683078	0.13391	0.00142031	0.00075289	-0.000278232
0.0175912	0.0653217	0.134327	0.00237159	0.000879249	-0.000464112
0.0303858	0.093848	0.135852	0.00207976	0.000862288	-0.000378991
0.0304038	0.0950069	0.124729	0.00196272	0.000844883	-0.000401727
0.0130899	0.131182	0.17203	0.0031831	0.00117061	-0.000679682
0.0024822	0.177811	0.189835	0.00338293	0.00130946	-0.000703233
0.00254015	0.14932	0.160236	0.00270243	0.000994845	-0.000671672
0.0169388	0.128547	0.141379	0.00297151	0.000985474	-0.000464112
0.0107617	0.154042	0.124704	0.00284052	0.000991195	-0.000660901
0.0127118	0.184613	0.208176	0.00336037	0.00115838	-0.000671007
0.0139222	0.148034	0.191598	0.00344285	0.00124244	-0.000464112
0.0280133	0.166243	0.155886	0.00286053	0.00130946	-0.000464112
0.0224697	0.131521	0.133159	0.00258587	0.000857892	-0.000464112
0.0281016	0.136382	0.156916	0.00279738	0.000559003	-0.000464112
0.0233739	0.130634	0.13828	0.00285618	0.000871073	-0.000538617
0.0280124	0.145083	0.166044	0.00259128	0.000993654	-0.000464112
0.0279777	0.126013	0.183615	0.0027956	0.00115882	-0.000464112
0.0189353	0.119259	0.183566	0.00330567	0.00122859	-0.000364561
0.00927754	0.210055	0.249855	0.00337279	0.00140667	-0.000461189
0.0151356	0.170529	0.204984	0.00289877	0.00115784	-0.000566667
0.0125799	0.111604	0.156261	0.00275539	0.00112517	-0.000655439
0.0125367	0.164123	0.156169	0.00297693	0.00116139	-0.000644351
0.012503	0.195726	0.220412	0.00334536	0.00123062	-0.000623533
0.012655	0.164073	0.202833	0.00323763	0.000880404	-0.000305211
0.0156496	0.182797	0.173058	0.00264512	0.00115944	-0.000413288
0.00574656	0.199106	0.21231	0.00355401	0.00107933	-0.000506006
0.0122847	0.264781	0.288375	0.00452234	0.00163687	-0.000672886
0.0122708	0.329661	0.381697	0.00378599	0.00163687	-0.000707385
-0.00337935	0.282089	0.384873	0.00427233	0.00163687	-0.000699281
0.00575255	0.317629	0.345556	0.00440918	0.0015999	-0.000742479
0.0233332	0.338187	0.364068	0.00463994	0.00178011	-0.000509894
0.0266078	0.297739	0.328243	0.00409795	0.00157481	-0.000505197
0.0335572	0.300773	0.306709	0.00357922	0.00131366	-0.000516441
0.0334403	0.300054	0.31733	0.00376609	0.00159276	-0.000546708
0.0342941	0.261504	0.34509	0.00391941	0.00151956	-0.000616022
0.0376811	0.239762	0.332341	0.003972	0.00155497	-0.000461479
0.0376279	0.26532	0.321174	0.00327931	0.00151857	-0.000716161
0.035048	0.262387	0.353214	0.00353643	0.00162998	-0.000504794
0.037733	0.248591	0.351016	0.003994	0.00142648	-0.000478622
0.0375984	0.258489	0.355303	0.00318411	0.00169869	-0.0005098
0.037605	0.281083	0.380866	0.00404707	0.00182625	-0.000364604
0.0193666	0.271242	0.369461	0.00431876	0.00191172	-0.000456884
0.0125249	0.349886	0.415236	0.00415793	0.00201845	-0.000631384
0.0215848	0.288402	0.369319	0.00419572	0.00189437	-0.000552522
0.0336083	0.265964	0.312791	0.00407397	0.0017053	-0.000457403
0.0279769	0.339894	0.346038	0.00461086	0.00180887	-0.000517223
0.00279592	0.326765	0.387705	0.00560595	0.00206934	-0.000716512
0.0126868	0.377203	0.412463	0.00480211	0.00188429	-0.000305212
0.0127774	0.333177	0.403491	0.00525097	0.00168061	-0.000305212
0.0165771	0.326141	0.362552	0.00467427	0.00175902	-0.000453011
0.0288793	0.375851	0.414186	0.00468761	0.00172623	-0.000305212
0.0172909	0.372993	0.382678	0.00497826	0.00121281	2.91684e-05
0.0271789	0.335264	0.341436	0.00408991	0.00144081	-0.000305212
0.027103	0.370503	0.379019	0.00417858	0.00123796	-0.000305212
0.02868	0.310643	0.372747	0.00385466	0.00158892	-0.000305212
0.0287525	0.280605	0.345512	0.00397058	0.00146655	-0.000305212
0.0301858	0.306571	0.364153	0.00367419	0.00121641	-0.000305212
0.0299726	0.309997	0.379204	0.00365637	0.00167498	-0.000305212
0.0300278	0.286022	0.380176	0.00367683	0.0015617	-0.000305212
0.0299842	0.292528	0.362056	0.00373709	0.00167014	-0.000305212
0.0299697	0.318532	0.409173	0.00409522	0.00165837	-0.000305212
0.0119777	0.335395	0.448671	0.0048514	0.00171885	-0.000563439
0.019262	0.356943	0.46015	0.00449002	0.00200868	-0.000305212
0.0119814	0.337141	0.44176	0.00431615	0.00178459	-0.000493039
0.0119905	0.291899	0.374044	0.00439988	0.00180615	-0.000466846
0.0119724	0.378724	0.402385	0.00468071	0.0018147	-0.000305212
0.0118946	0.38109	0.4355	0.00561733	0.00195162	-0.000305212
0.0121156	0.349723	0.381759	0.00456784	0.0014842	-0.000305212
0.011886	0.406873	0.444417	0.0052832	0.00199602	-0.000305212
0.0661016	0.415536	0.458183	0.00520124	0.00244894	0.000662832
0.0368399	0.373394	0.405114	0.00390479	0.00179022	-0.000111632
0.0293558	0.366961	0.416623	0.00410109	0.00176396	-0.000305213
0.0232462	0.384341	0.449124	0.00506953	0.00186571	-0.000355525
0.0300223	0.402839	0.46347	0.00537153	0.00251019	-0.000305213
0.0382486	0.435115	0.52489	0.00526739	0.00243448	-0.000136319
0.0383989	0.379933	0.46709	0.00576653	0.00240164	9.43275e-05
0.0385294	0.414003	0.440523	0.00484777	0.00204604	-6.3573e-06
0.0385703	0.394107	0.421813	0.00542414	0.00196129	-6.25313e-05
0.041077	0.402697	0.416456	0.00561205	0.00196037	-0.000103178
0.0434382	0.462713	0.440924	0.0058516	0.00195647	0.000163448
0.0498706	0.49864	0.551141	0.00673967	0.00278353	0.000310597
0.13189	0.44281	0.529112	0.00551374	0.00249725	0.00169479
0.085711	0.443426	0.489398	0.0045981	0.00245904	0.000864092
0.0892717	0.416166	0.472839	0.00514301	0.00216814	0.000740183
0.0539429	0.418716	0.46562	0.00592853	0.00258488	0.000429103
0.075031	0.509596	0.582667	0.0056428	0.00257481	0.000205357
0.0808746	0.43214	0.532978	0.00501097	0.00249576	0.000427483
0.0809524	0.406954	0.481301	0.00499113	0.00251638	0.000427483
0.0747597	0.4613	0.490372	0.00492612	0.00248458	0.000427483
0.0704937	0.462099	0.562448	0.00575313	0.00296881	0.000427483
0.0646681	0.461949	0.546762	0.00551003	0.00306962	0.000508377
0.0608718	0.518399	0.604541	0.00575085	0.00290967	0.000214512
0.0787507	0.451938	0.51492	0.00521739	0.00263942	0.000427483
0.071459	0.436909	0.461987	0.00448248	0.00200564	0.000250649
0.0566528	0.477459	0.486237	0.00477435	0.00189602	-1.93116e-05
0.0637128	0.416648	0.48134	0.00515752	0.00218092	4.62337e-05
0.0651715	0.416579	0.517922	0.00494263	0.00232127	-1.2065e-06
0.0729652	0.425421	0.535376	0.00417546	0.00249281	4.44432e-05
0.0689358	0.401823	0.536771	0.00494671	0.00231209	0.000157523
0.0622087	0.365536	0.504196	0.00449071	0.0026059	0.000109273
0.0518622	0.449375	0.576781	0.00539628	0.00285016	-4.63332e-05
0.0427538	0.415497	0.545131	0.00595316	0.00309853	-0.000146782
0.0518981	0.443634	0.503681	0.00506584	0.00292973	4.60527e-06
0.0522006	0.406082	0.499877	0.00614218	0.00249496	0.000194718
0.0554003	0.419486	0.461311	0.00576127	0.00256302	1.23255e-06
0.0519486	0.471616	0.487457	0.00558349	0.0026796	3.57159e-06
0.0422475	0.434744	0.503205	0.00614548	0.00282669	-0.000390256
0.0540064	0.414583	0.469755	0.00556362	0.00278716	-0.000226283
0.0552742	0.421383	0.449949	0.00500963	0.00255778	-3.24085e-05
0.0518158	0.433165	0.487696	0.00576042	0.00291776	-3.24084e-05
0.0356759	0.474614	0.554131	0.00705964	0.00393283	-0.000436169
