-0.00231204	-0.0394268	-0.0337805	-0.00133177	-0.000405399	0.00042871
-0.0101279	0.00378324	-0.0158944	-0.0015673	-0.000142417	0.00036626
0.00461018	0.00209306	0.00552429	-0.00168942	0.000200963	0
0.00668439	-0.0331287	-0.0207029	-0.00108914	0.000146353	0.000100799
-0.0029348	-0.00804314	-0.00745571	-0.00118189	0.000335916	0.000202724
0.00670789	-0.000544176	-0.00350397	-0.00105903	0.000335916	0.000142361
0.00668772	0.00214208	-0.0140795	-0.00117655	8.59163e-05	0.000142361
-0.0123777	0.00271806	-0.00352104	-0.00104241	-1.59197e-05	0.000142361
0.0125943	0.0370648	0.0203465	-0.00130154	8.59163e-05	0.000142361
-0.0123728	0.037477	0.0148652	-0.000690729	8.59163e-05	0.000142361
-0.000436674	0.018698	0.0148942	-0.000656743	8.59163e-05	0.000142361
0.0119983	0.0310676	0.0148811	-0.000869006	8.59163e-05	0.000259087
0.012662	0.03412	0.0257264	-0.00148831	8.59163e-05	0.000142361
0.0222076	0.0261347	0.0393759	-0.00144275	8.59163e-05	0.000142361
0.0094145	0.0298999	0.0343822	-0.00110194	8.59163e-05	0.000142361
0.00590022	-0.00522306	0.0165026	-0.000975003	8.59163e-05	0.000142361
0.00473474	-0.00934757	-0.0045825	-0.000950037	8.59163e-05	0.000218316
0.0129438	0.0267969	0.0295399	-0.00117748	8.59163e-05	0.000142361
0.0203639	0.0234752	0.0396886	-0.00118558	8.59163e-05	-7.53888e-05
0.0142994	-0.00139715	0.0213115	-0.000871506	8.59163e-05	-0.000342353
0.00108849	0.00186349	0.0213166	-0.000514981	8.59163e-05	-0.000342353
0.0126343	0.00454863	0.0213371	1.4721e-05	2.79714e-06	-0.000342353
0.0345764	-0.00579275	-0.010583	-0.000454287	8.59163e-05	-0.000104868
0.0307755	-0.037471	-0.0471094	-0.000343809	5.38686e-05	-0.000342353
-0.00308977	-0.100945	-0.0727387	-0.000322481	-0.000356751	0.000167242
0.00364283	-0.0564969	-0.047135	-0.000235508	-0.0008439	-3.0495e-07
0.018607	-0.0883959	-0.0766852	0.000105198	-0.000533013	-1.62059e-05
0.0186503	-0.0503738	-0.0663967	0.000808672	-0.000230565	-0.000342354
0.0149317	-0.0845072	-0.102675	0.00134729	-0.000173098	-0.000240386
0.0186618	-0.0710576	-0.0948603	0.000613492	-0.000244219	-0.000230831
0.0138228	-0.0779309	-0.077	0.00138668	-0.000246343	3.40785e-05
0.013573	-0.119973	-0.124072	0.00181507	-0.000246343	-2.94727e-05
0.0186375	-0.107593	-0.108237	0.00151729	-0.000246343	-0.000126054
0.0186433	-0.0665747	-0.0967975	0.00157788	-0.000246343	-5.84408e-05
0.0186602	-0.0706258	-0.119304	0.00216683	-4.26792e-05	3.86908e-05
0.0186243	-0.110823	-0.150077	0.0018823	-0.000246343	5.59463e-07
0.0186226	-0.111058	-0.154634	0.00154648	-0.000246343	-1.02597e-05
0.0186042	-0.0898151	-0.132009	0.00196599	-0.000246343	0.000224487
0.0325	-0.116452	-0.151949	0.0022407	-0.000107023	5.50759e-05
0.0424586	-0.0880353	-0.136901	0.00123214	-0.000246343	0.000290771
0.054632	-0.0402123	-0.0896913	0.00139185	-0.000246343	0.000145802
0.0442302	-0.112271	-0.15878	0.00197789	-0.000246343	0.000221809
0.0380177	-0.119955	-0.156978	0.00141295	-0.000246343	0.000172699
0.0585874	-0.0431417	-0.0916531	0.00204426	-0.000246343	-5.45304e-05
0.0461133	-0.132569	-0.165954	0.00194652	-0.000246343	0.000150101
0.0628558	-0.0876569	-0.135841	0.00139058	-0.000246343	8.12848e-05
0.0628716	-0.0882012	-0.128243	0.00175127	-0.000246343	4.21504e-05
0.0517696	-0.135739	-0.164148	0.00220903	-0.000246343	-0.000104687
0.0466089	-0.117995	-0.153332	0.00166597	-0.000246343	-7.17566e-05
0.0568246	-0.0896191	-0.114671	0.00208488	-0.000111721	-0.000119071
0.0550403	-0.165628	-0.191691	0.00188166	-0.000271351	2.48867e-07
0.0466922	-0.148863	-0.189088	0.00240193	-0.000271351	-0.000342355
0.0529063	-0.107861	-0.164106	0.00231697	-0.000271351	-8.79398e-05
0.0654322	-0.00453482	-0.088869	0.00197145	-5.4522e-06	-5.35219e-07
0.0593778	-0.0707471	-0.137911	0.00266824	-2.64327e-05	-0.000342355
0.0629503	-0.102595	-0.146268	0.00187309	-2.64327e-05	-0.000223958
0.06294	-0.0949392	-0.157939	0.00203716	-0.000174963	-0.000342355
0.071969	-0.0848665	-0.154869	0.00207835	-0.000151614	-0.000342355
0.0696132	-0.102169	-0.180228	0.00254903	-2.64327e-05	-0.000342355
0.0724433	-0.102033	-0.182305	0.0023035	-2.64327e-05	-0.000342355
0.0774002	-0.116873	-0.164492	0.00157595	-8.00301e-05	-0.000342355
0.0782926	-0.111176	-0.1764	0.00182388	-2.64327e-05	-0.000342355
0.0659075	-0.159631	-0.218944	0.00250491	-2.64327e-05	-0.000342355
0.0663513	-0.133421	-0.205873	0.00247918	-2.64327e-05	-0.000186074
0.0825344	-0.145397	-0.188404	0.00220734	-2.64327e-05	-0.000342355
0.0786133	-0.116452	-0.187195	0.00195191	-2.64327e-05	-0.000198223
0.0776787	-0.0795198	-0.137478	0.00276227	-2.64327e-05	-0.000403102
0.0821802	-0.141358	-0.198869	0.00235902	-2.64327e-05	-0.000342355
0.0627991	-0.147182	-0.208179	0.00221643	5.86692e-05	-0.000342355
0.0810453	-0.135519	-0.190454	0.00201508	-8.53143e-05	-0.000342355
0.0895354	-0.133455	-0.191894	0.00227351	-2.64327e-05	-0.00040236
0.0880823	-0.160684	-0.229647	0.00236842	-2.64327e-05	-0.000342355
0.0918867	-0.144548	-0.226034	0.00248838	-2.64327e-05	-0.000342355
0.0905835	-0.196967	-0.250258	0.00224206	-2.64327e-05	-0.000342355
0.0905835	-0.183366	-0.25816	0.00212654	-2.64327e-05	-0.000342355
0.104099	-0.161023	-0.253321	0.0023773	-2.64327e-05	-0.00040631
0.0905988	-0.186108	-0.243328	0.00237073	3.09583e-05	-0.000342355
0.103091	-0.174874	-0.261884	0.00290533	-2.64327e-05	-0.000589359
0.115072	-0.160721	-0.238543	0.00261848	-2.64327e-05	-0.000592966
0.101163	-0.153641	-0.240734	0.00218719	0.000277484	-0.000627005
0.120929	-0.145435	-0.225921	0.00195759	0.000187102	-0.00075726
0.115401	-0.127869	-0.23055	0.00187974	-2.64327e-05	-0.000502078
0.0907988	-0.161249	-0.222317	0.00205164	0.000250677	-0.00075726
0.090834	-0.132574	-0.214626	0.00242645	0.000403571	-0.00075726
0.1075	-0.173206	-0.239599	0.00172802	0.000171083	-0.000443271
0.112156	-0.156585	-0.210401	0.00164775	0.00035039	-0.000592831
0.0941288	-0.12187	-0.188684	0.00209806	0.000335115	-0.000671006
0.107947	-0.157724	-0.224433	0.00240335	0.000365065	-0.00075726
0.0984585	-0.199982	-0.247703	0.00248411	-2.64327e-05	-0.00075726
0.111443	-0.185117	-0.21035	0.00186658	-2.64327e-05	-0.00075726
0.0908439	-0.161055	-0.196562	0.00225775	0.000564912	-0.00075726
0.111961	-0.187428	-0.243954	0.00219707	0.000382624	-0.000629155
0.0907948	-0.200388	-0.247278	0.00238142	0.000319375	-0.000682594
0.110472	-0.173022	-0.229968	0.00229181	0.000295417	-0.000910928
0.114343	-0.159375	-0.189097	0.00249062	0.000233846	-0.00075726
0.109086	-0.179977	-0.230939	0.00279542	0.000313333	-0.0008583
0.108526	-0.177187	-0.232955	0.00250949	0.000322425	-0.000852638
0.111718	-0.164995	-0.224542	0.00201154	0.000335774	-0.000820649
0.120411	-0.14835	-0.230107	0.00273821	0.000406082	-0.0010773
0.0971685	-0.219198	-0.285754	0.00206356	0.000409545	-0.00108618
0.113668	-0.110124	-0.196632	0.00290605	0.000534736	-0.00112184
0.114254	-0.24637	-0.307489	0.00214448	0.000100188	-0.000757261
0.120401	-0.0851652	-0.157337	0.00249215	0.000623367	-0.00122429
0.102906	-0.288929	-0.320608	0.00292278	0.000334787	-0.00116282
0.120423	-0.0850261	-0.174592	0.0027325	0.0007187	-0.00116282
0.120254	-0.233865	-0.313789	0.00311454	-2.64327e-05	-0.00105931
0.105101	-0.227677	-0.30055	0.00256139	0.000191883	-0.00116282
0.0984891	-0.13987	-0.207632	0.00279594	0.000233817	-0.00116282
0.0985643	-0.227751	-0.325188	0.00394953	0.000398387	-0.00116282
0.0985624	-0.171925	-0.300474	0.00314618	0.000408853	-0.00116282
0.0986885	-0.132425	-0.285363	0.00408642	0.000760546	-0.00139984
0.110912	-0.222516	-0.339193	0.00457465	0.000693316	-0.00152488
0.11975	-0.192907	-0.29606	0.00472561	0.000842969	-0.00186934
0.113818	-0.159034	-0.284994	0.00498625	0.000938526	-0.00202686
0.112106	-0.256927	-0.371816	0.00543718	0.000811641	-0.00202686
0.121264	-0.214942	-0.347618	0.00510598	0.000811642	-0.00202687
0.107247	-0.232493	-0.362792	0.00503379	0.00135414	-0.00202687
0.112277	-0.241134	-0.382798	0.00578249	0.00107199	-0.00202686
0.104613	-0.253647	-0.400006	0.00507895	0.00121534	-0.00202687
0.114685	-0.159525	-0.333446	0.00540068	0.00115943	-0.00181551
0.112157	-0.326018	-0.444839	0.00514871	0.000940575	-0.00202687
0.130816	-0.280091	-0.421501	0.00452695	0.00135383	-0.00202687
0.11449	-0.199066	-0.35099	0.00537089	0.0011476	-0.00202687
0.126635	-0.318444	-0.431163	0.00471129	0.000968097	-0.00202687
0.151072	-0.189716	-0.344339	0.00433988	0.00109872	-0.00202687
0.143606	-0.304998	-0.430445	0.00474786	0.0013245	-0.00202687
0.130614	-0.301106	-0.424705	0.00449106	0.000811642	-0.00202687
0.130681	-0.232697	-0.379964	0.00462287	0.00100252	-0.00202687
0.130741	-0.178236	-0.334178	0.00466291	0.00122595	-0.00190865
0.123842	-0.299225	-0.423168	0.00506808	0.00125474	-0.00202687
0.145845	-0.22838	-0.373139	0.00440114	0.00108742	-0.00219359
0.152272	-0.222683	-0.358856	0.00484434	0.000968417	-0.00202687
0.131424	-0.3233	-0.453089	0.00547111	0.000811642	-0.00230446
0.145491	-0.254614	-0.384771	0.00503059	0.000811641	-0.00249575
0.131489	-0.241454	-0.374029	0.00563041	0.0010482	-0.00249575
0.152272	-0.32559	-0.482831	0.00525535	0.000811642	-0.00222961
0.141514	-0.24581	-0.410396	0.00447942	0.00109265	-0.00210802
0.143327	-0.296673	-0.410154	0.00565565	0.00108872	-0.00249575
0.136885	-0.329551	-0.452427	0.00533799	0.000811642	-0.00227648
0.152312	-0.264954	-0.393168	0.00501274	0.000811642	-0.00234098
0.136197	-0.287234	-0.403426	0.00581354	0.00100769	-0.00228174
0.152406	-0.33205	-0.459353	0.00538572	0.000949793	-0.00249576
0.137494	-0.243025	-0.349015	0.00541951	0.00110572	-0.00249575
0.140692	-0.289498	-0.400742	0.00571727	0.00108842	-0.00249575
0.152422	-0.351112	-0.458632	0.00534936	0.00106222	-0.00249575
0.152484	-0.278523	-0.371387	0.00453456	0.00121439	-0.00249575
0.152484	-0.322685	-0.43362	0.00539338	0.00121439	-0.00249575
0.149904	-0.35702	-0.459974	0.0052803	0.00096026	-0.00249575
0.135298	-0.337683	-0.41758	0.00635644	0.00202593	-0.00420538
0.0815727	-0.503303	-0.582566	0.0101231	0.00192096	-0.00546054
0.046778	-0.570407	-0.624412	0.0117246	0.00218414	-0.00706025
0.0179144	-0.485076	-0.616202	0.0122142	0.00246158	-0.0077106
