0.089724	-0.149571	-0.205262	0.00258006	-0.000422751	-0.000305719
-0.0759891	-0.0426646	0.00778258	0.000788596	-0.00138412	0.000370221
0.155341	-0.0984443	-0.104656	0.00177009	-6.17858e-05	-0.000103582
-0.0468041	-0.0473445	-0.0322822	0.000821357	-0.001275	0.000211599
0.158145	-0.112092	-0.14032	0.00169969	0.000102353	0.000102901
-0.0349335	-0.0534307	-0.0490805	0.000453978	-0.000438151	-3.20402e-05
0.124148	-0.0934851	-0.133663	0.00187097	0.000410405	-0.000189621
-0.050377	-0.0472033	-0.0234604	0.000790625	-0.00102439	-0.000189621
0.149738	-0.0936151	-0.110307	0.00161683	0.000561416	-0.000189621
-0.0637565	-0.0295764	-0.0159438	0.000505089	-0.000744335	-2.53177e-05
0.14875	-0.0813492	-0.106262	0.00148746	0.000511224	-0.000189621
0.000785669	-0.0480689	-0.083816	0.000687333	-7.64619e-05	-0.000189621
0.137254	-0.0663977	-0.0642699	0.00120268	0.000846586	-0.000189621
0.00633812	-0.04269	-0.0742022	0.000538983	-7.64619e-05	-0.000265846
0.121127	-0.0700348	-0.0764043	0.00130955	0.000819155	-0.000189621
0.0219909	-0.0447106	-0.073199	0.000612463	8.9743e-05	-0.000189621
0.0744825	-0.014366	0.0312428	0.000609945	0.000909109	-0.000189621
0.0942777	-0.0711556	-0.102926	0.000942976	0.000602888	-0.00022691
0.0222422	0.00749797	0.0382762	6.33129e-05	0.000176888	-0.000260191
0.137943	-0.0453212	-0.0769083	0.000871354	0.00105854	-0.000441707
-0.00331134	0.000418624	0.00114252	-0.000480744	-0.000340121	8.96666e-05
0.113899	-0.0278965	-0.00709029	0.000904749	0.00132516	-0.000164235
0.0841185	-0.123832	-0.156551	0.00100838	0.000370399	-0.000207608
0.0155773	-0.0188595	0.0580529	0.000330033	0.000127609	1.82271e-06
0.168616	-0.0506911	-0.0432658	0.000814066	0.000863839	0.000173947
0.0258348	-0.0209729	0.0410929	6.61779e-05	0.000509957	0.000142657
0.135944	-0.0162892	0.0211258	0.00104689	0.000898812	0.000465568
0.150146	-0.0665773	-0.0486744	0.00086517	0.000509957	0.000396458
0.0728332	-0.00373903	0.019358	0.000280136	0.000626981	0.000137291
0.151685	-0.0329336	-0.00962439	0.00113228	0.00112937	0.000137291
0.0920486	-0.0444792	-0.0412857	0.000675638	0.000817422	0.000137505
0.0610936	0.0326875	0.0872901	-0.000401346	0.000201886	0.000357726
0.145295	0.0048698	0.0769556	0.000307157	0.000820745	0.000575222
0.127709	0.00246942	0.0702954	5.33508e-05	0.000771392	0.000520994
0.101184	0.00785737	0.0407224	-6.19766e-08	0.00022975	0.000620972
0.205222	0.00147938	0.0285768	5.36855e-05	0.000669375	0.000520994
0.209955	-0.086899	-0.0646305	0.000109896	0.000508074	0.000766424
0.101987	0.00321754	0.127969	-0.00110638	-0.000651003	0.00127136
0.19025	0.00376844	0.127378	-0.000562961	-0.000332307	0.00146353
0.16663	0.000304369	0.0864853	-0.000387402	-0.000308486	0.00131311
0.129956	0.0483445	0.141485	-0.000351889	-0.000401998	0.000984082
0.247299	0.00438009	0.0888922	-5.57106e-05	8.86729e-05	0.000984082
0.185929	-0.00663012	0.0495357	-0.000288263	-0.000378237	0.00153813
0.141519	0.0672513	0.188927	-0.000869116	-0.000344205	0.000984081
0.278961	-0.0323787	0.0146168	0.00013182	9.49847e-05	0.00128668
0.101122	0.0526437	0.173458	-0.000858792	-0.000396266	0.000984082
0.249074	0.0308666	0.13709	-0.000234254	-0.000205932	0.00118713
0.155076	0.0696521	0.162329	-0.000953403	-0.00134156	0.00158561
0.229131	-0.00964716	0.0611943	0.000946268	-0.000286219	0.00123244
0.0914507	0.0469266	0.134342	-0.000460682	-0.00128778	0.00174075
0.174588	0.074736	0.176408	-0.000644691	-0.000993196	0.00146426
0.296768	-0.0341981	0.0198668	0.00022102	-0.000683909	0.0015104
0.149866	0.0995543	0.248475	-0.00171623	-0.00122955	0.00190689
0.289822	0.00872618	0.075896	-0.000482859	-0.000641496	0.00184702
0.122186	0.10531	0.238449	-0.00244284	-0.00185883	0.0017277
0.282823	-0.0153399	0.0295502	-0.00127054	-0.000377013	0.000918682
0.0871011	0.0941881	0.230231	-0.0017403	-0.00135895	0.00154456
0.248937	0.0797098	0.214637	-0.001414	-0.000604487	0.00139978
0.215285	-0.024626	-0.016497	-0.00120792	-0.00126442	0.00105858
0.192654	0.0548815	0.174126	-0.00116718	-0.00062193	0.00108218
0.20071	-0.0351172	0.0206969	-0.00224218	-0.00168312	0.0011874
0.177907	-0.0332818	0.0132335	-0.00163472	-0.000944715	0.000638099
0.123639	0.0249449	0.0554191	-0.00236893	-0.00154365	0.00126172
0.162543	0.0805307	0.175403	-0.00218839	-0.00100519	0.00137072
0.273867	0.0128148	0.065855	-0.0010922	-0.000643998	0.00133187
0.131746	0.0833477	0.200353	-0.00206839	-0.00153101	0.00153675
0.319848	0.0176837	0.0837143	-0.00100904	-0.000547517	0.00170253
0.19168	0.0308598	0.101622	-0.00147565	-0.00155999	0.00164198
0.257637	0.0450652	0.168807	-0.00107871	-0.000775623	0.001716
0.293746	-0.0188783	0.0525959	-0.00108821	-0.000951306	0.00162947
0.186112	0.0483741	0.185239	-0.00184206	-0.00138791	0.00176286
0.357473	-0.04091	0.038653	-0.000406292	-0.000528379	0.00152434
0.156346	0.0795152	0.220386	-0.00265146	-0.00158683	0.00171446
0.360469	-0.0792357	-0.0268425	-0.000761931	-0.000663036	0.0015609
0.17981	0.057337	0.186683	-0.00312292	-0.00153678	0.00142376
0.323698	-0.0739293	0.0514783	-0.0019568	-0.000820088	0.00118128
0.191308	-0.0748761	-0.0706425	-0.00295747	-0.00236819	0.00159585
0.181078	0.070091	0.19593	-0.00349965	-0.00184589	0.00167039
0.185347	0.0505268	0.127073	-0.00285348	-0.00168316	0.00103806
0.116469	0.0943354	0.198066	-0.00358973	-0.00240545	0.00156497
0.259543	0.112891	0.177852	-0.0031194	-0.00152609	0.0012569
0.216239	0.0291282	0.089499	-0.00245133	-0.00139538	0.00103806
0.152226	0.0930759	0.177149	-0.00320861	-0.00233324	0.00183645
0.295447	0.0339553	0.185204	-0.00262443	-0.00144371	0.00155627
0.189699	0.0522249	0.142436	-0.00362486	-0.00185932	0.00163824
0.166676	0.0669009	0.214323	-0.00278694	-0.00158233	0.00114542
0.140218	0.0776699	0.243217	-0.0040068	-0.00176016	0.0012015
0.143145	0.125752	0.255226	-0.00433235	-0.00226776	0.00159258
0.286786	-0.0478696	-0.0127894	-0.00281593	-0.00098925	0.000918767
0.0682977	0.171755	0.32962	-0.00575889	-0.00219659	0.00189866
0.190317	0.145074	0.33761	-0.00348561	-0.000913652	0.00174721
0.163104	-0.0605559	-0.0306708	-0.00514023	-0.00253491	0.000218091
0.09358	-0.00325271	0.0592471	-0.00417074	-0.00320787	-0.000728085
0.142275	-0.197719	-0.288464	-0.00465421	-0.00363455	-0.000147147
0.062111	0.00712768	0.0456989	-0.00445051	-0.00342074	0.00145242
0.239751	-0.0623329	-0.0672826	-0.00243438	-0.00223388	0.00193156
0.129732	0.0374379	0.0768648	-0.00335969	-0.00217707	0.00212955
0.263956	0.0308169	0.0654524	-0.00237783	-0.000942286	0.00165529
0.247537	-0.00465356	0.0220809	-0.00221482	-0.000870668	0.00194898
0.177721	0.0659368	0.143342	-0.0028948	-0.00144066	0.00198117
0.320375	-0.133648	-0.125539	-0.00150507	-0.00112274	0.00187685
0.104603	0.0758378	0.169063	-0.0038196	-0.00175026	0.00177361
0.212302	0.0326513	0.09544	-0.00279877	-0.00127207	0.00164036
0.203329	-0.134177	-0.195154	-0.00439315	-0.0022259	0.00137341
0.107049	0.106715	0.223851	-0.0052143	-0.00237415	0.0017187
0.224717	0.0537353	0.0963057	-0.00361737	-0.00181639	0.00173728
0.129289	0.0714216	0.107945	-0.00429801	-0.00245577	0.00177111
0.288488	-0.00835698	0.0431218	-0.00400683	-0.00152593	0.00147891
0.185278	-3.46639e-05	-0.0286644	-0.00503299	-0.00241652	0.00119015
0.192552	-0.0372619	-0.0501761	-0.00419262	-0.00271395	2.73754e-05
0.148981	-0.225928	-0.397585	-0.00463278	-0.00251361	0.000196281
0.136991	-0.102958	-0.100984	-0.00498888	-0.00300361	-0.000118346
0.0589025	0.000624848	-0.0323706	-0.00691922	-0.00410454	0.000145737
0.130752	-0.0365701	-0.0151825	-0.006272	-0.00322767	-0.00206142
0.0758329	0.0210334	-0.00121822	-0.00662231	-0.00327686	-0.000988899
0.0586134	0.134049	0.161265	-0.00625874	-0.00292724	-0.000261558
0.234903	0.0628845	0.00835625	-0.0041637	-0.00171452	-0.00046713
0.093968	0.12448	0.0963052	-0.00571034	-0.00307537	-0.000160704
0.21839	0.0322259	-0.0862238	-0.0053253	-0.00255759	-0.000870132
0.144677	0.00770257	-0.196539	-0.00719016	-0.0036964	-0.000732576
0.207569	0.016265	-0.0907769	-0.00670993	-0.00199703	-0.00128745
0.115241	0.101631	0.0628374	-0.00723511	-0.00277023	-0.000231011
0.148764	0.197797	0.190405	-0.0072109	-0.00249507	5.76311e-05
0.322789	-0.0243158	-0.204241	-0.00625042	-0.00137614	-0.000602199
0.110649	0.134399	0.0796217	-0.00717529	-0.00251898	-0.00028307
0.313082	-0.0549657	-0.322953	-0.00647662	-0.00214142	-0.00113162
0.100126	0.196992	0.022655	-0.00758327	-0.00320264	0.000136645
0.27454	0.134366	-0.0548361	-0.00587996	-0.00153557	-0.000157798
0.170117	0.168613	-0.0269938	-0.00616362	-0.00223921	-0.000118834
0.297484	0.232552	0.130288	-0.0070819	-0.00196374	-5.45593e-05
0.251838	-0.0184784	-0.170329	-0.00530651	-0.00172754	7.19004e-05
0.136432	0.153115	0.0984745	-0.00826257	-0.00244784	0.00120608
0.184957	-0.0306812	-0.187133	-0.00581871	-0.00237853	0.000931028
0.11182	0.128988	0.0660073	-0.00667907	-0.00297979	0.000788767
0.166932	0.216036	0.164514	-0.00657066	-0.00275819	0.000821288
0.280437	0.161208	0.0689098	-0.00543757	-0.00156529	0.000560072
0.17127	0.183562	0.0584353	-0.00638593	-0.00304671	0.000739209
0.241589	0.214583	0.107873	-0.00632859	-0.00207535	0.000173736
0.263718	-0.0194019	-0.240176	-0.00461313	-0.0018328	-0.00155307
0.137637	0.179793	0.0844808	-0.00734625	-0.00266984	-0.00119811
0.255338	-0.0453465	-0.291524	-0.00487839	-0.0025311	-0.000886368
0.108697	0.282225	0.325268	-0.0094897	-0.00288394	0.000615802
0.217223	0.213312	0.199354	-0.00688442	-0.00215631	0.000274865
0.177377	0.211097	0.0882776	-0.00692791	-0.00310295	0.000370004
0.214495	0.253311	0.185455	-0.00646516	-0.00260454	0.000140955
0.202777	0.204652	0.0854985	-0.00718063	-0.00258301	0.000291249
0.134926	0.334082	0.258401	-0.00885595	-0.00308757	0.000130707
0.270218	-0.0428869	-0.281684	-0.00684638	-0.00178375	-0.00116097
0.107807	0.155201	0.0636288	-0.00876515	-0.00286652	-0.00111368
0.202391	-0.16667	-0.434134	-0.00572632	-0.00234743	-0.00130697
0.0456297	0.198337	0.194077	-0.00980747	-0.00290051	-0.00056256
0.187775	-0.0280879	-0.236755	-0.00675532	-0.00204967	-0.0015923
